12279,1
12301,1
12336,1
12355,1
12582,1
12620,1
12624,1
12672,1
12707,1
12739,1
12746,1
12749,1
12761,1
12762,1
12771,1
12807,1
12810,1
12823,1
12852,1
12854,1
12868,1
12883,3
12893,2
12896,2
12899,1
12906,1
12937,1
12948,1
12950,1
12954,2
12957,1
12960,2
12963,1
12969,1
12976,3
12979,1
12988,1
12992,3
13001,1
13011,1
13017,2
13021,2
13024,2
13027,1
13028,2
13043,4
13046,2
13049,1
13050,1
13053,1
13056,1
13059,1
13062,2
13065,2
13069,1
13072,2
13075,1
13079,1
13082,1
13085,2
13088,2
13094,2
13100,1
13104,1
13107,1
13111,1
13113,1
13114,1
13117,1
13120,4
13123,2
13124,1
13127,1
13129,1
13130,1
13136,2
13142,1
13146,1
13149,1
13152,3
13155,1
13158,1
13165,1
13168,2
13171,4
13175,1
13177,2
13178,2
13180,1
13194,1
13200,4
13203,1
13206,1
13210,3
13213,3
13216,3
13219,5
13222,2
13226,1
13229,3
13232,3
13238,2
13241,1
13242,2
13245,3
13248,1
13251,2
13254,3
13258,2
13261,3
13264,4
13268,1
13270,2
13273,1
13274,4
13277,2
13280,3
13283,1
13284,1
13287,1
13290,2
13293,2
13296,1
13299,5
13302,2
13303,1
13305,2
13306,2
13308,2
13309,1
13312,5
13315,3
13316,1
13318,2
13319,1
13321,1
13322,2
13325,1
13328,1
13331,1
13335,1
13337,1
13338,1
13340,1
13341,3
13347,2
13350,3
13351,1
13353,1
13354,1
13356,1
13357,1
13360,2
13363,4
13364,1
13366,2
13372,1
13373,4
13376,5
13379,3
13380,2
13382,2
13383,2
13385,1
13389,3
13392,3
13395,3
13396,1
13398,4
13399,2
13401,2
13404,1
13405,1
13408,2
13411,2
13415,1
13417,3
13420,1
13421,2
13424,3
13427,2
13428,1
13430,1
13431,1
13433,2
13434,4
13436,2
13437,5
13440,5
13443,3
13446,3
13447,1
13449,4
13450,4
13452,1
13453,2
13456,3
13459,4
13462,3
13463,1
13465,2
13466,4
13468,5
13469,4
13472,3
13475,3
13478,4
13479,1
13481,1
13482,3
13485,1
13488,3
13491,1
13492,1
13494,2
13497,4
13498,2
13500,2
13501,6
13504,5
13507,3
13510,3
13511,1
13513,2
13516,1
13517,1
13520,4
13523,4
13526,2
13529,1
13530,1
13533,2
13536,4
13539,3
13540,1
13542,3
13545,3
13546,1
13549,1
13552,8
13555,4
13558,1
13559,1
13561,1
13562,1
13564,1
13565,4
13568,5
13571,2
13572,1
13574,1
13575,1
13577,1
13578,3
13581,2
13584,4
13587,2
13588,1
13590,5
13591,1
13593,1
13594,1
13597,2
13600,4
13603,2
13604,1
13606,1
13607,1
13610,4
13613,2
13616,1
13619,4
13620,2
13622,2
13623,2
13625,2
13626,1
13628,2
13629,6
13632,6
13635,5
13638,2
13639,2
13641,2
13642,2
13644,1
13645,4
13648,8
13651,2
13654,2
13655,1
13658,2
13661,4
13664,3
13667,6
13668,3
13670,2
13671,3
13673,4
13674,4
13677,4
13680,6
13683,3
13684,2
13687,1
13689,2
13690,3
13692,2
13693,3
13696,3
13699,3
13700,1
13702,3
13703,1
13705,2
13706,1
13708,1
13709,1
13712,5
13715,3
13718,3
13719,2
13721,3
13722,2
13725,1
13728,8
13734,3
13735,1
13738,2
13741,5
13744,3
13747,6
13748,1
13750,2
13753,3
13756,1
13757,6
13760,4
13763,8
13766,4
13767,4
13772,4
13773,3
13776,7
13779,2
13780,1
13782,2
13783,2
13785,1
13786,5
13788,1
13789,3
13792,8
13795,3
13796,1
13798,3
13799,2
13801,2
13802,3
13804,1
13805,3
13808,5
13811,2
13812,1
13814,5
13815,1
13817,3
13818,3
13821,3
13824,3
13827,2
13828,2
13833,1
13836,2
13837,6
13840,4
13843,5
13844,1
13846,4
13847,2
13849,3
13850,2
13852,2
13853,5
13856,4
13859,2
13860,2
13862,5
13863,1
13866,1
13868,2
13869,6
13872,2
13875,4
13878,2
13879,1
13881,1
13882,2
13885,3
13888,7
13891,4
13894,4
13895,1
13897,3
13898,1
13900,1
13901,4
13904,9
13907,3
13908,1
13910,1
13911,1
13913,2
13916,1
13917,5
13920,4
13923,6
13924,1
13926,2
13927,2
13929,2
13930,4
13932,2
13933,7
13936,7
13939,2
13940,1
13942,4
13943,2
13945,2
13946,1
13948,1
13949,3
13952,3
13955,4
13956,2
13958,2
13959,3
13961,1
13962,5
13964,2
13965,2
13968,7
13971,3
13972,3
13974,3
13975,2
13977,4
13978,1
13980,2
13981,6
13984,4
13987,7
13991,1
13993,1
13994,5
13996,2
13997,4
14000,2
14003,4
14004,3
14006,5
14007,4
14010,7
14012,1
14013,4
14016,7
14019,5
14022,2
14025,2
14026,4
14028,2
14029,2
14032,4
14035,3
14036,2
14038,2
14041,1
14042,2
14044,2
14045,9
14048,2
14051,1
14052,1
14054,1
14055,3
14057,4
14058,3
14061,5
14064,5
14067,4
14070,7
14071,2
14073,3
14074,2
14076,1
14077,8
14080,7
14083,6
14084,1
14086,2
14087,3
14089,1
14090,2
14093,5
14096,6
14099,5
14102,2
14103,3
14105,1
14106,3
14108,1
14109,2
14112,2
14115,6
14118,4
14119,2
14121,2
14122,1
14125,3
14128,3
14131,5
14135,2
14137,1
14138,2
14140,1
14141,6
14144,1
14147,4
14148,1
14150,6
14151,1
14153,1
14154,2
14156,1
14157,1
14160,4
14163,2
14164,2
14166,4
14167,3
14169,4
14170,4
14172,2
14173,3
14176,4
14179,2
14182,5
14183,4
14185,2
14189,4
14192,5
14195,7
14196,2
14198,2
14199,3
14201,2
14202,2
14205,4
14208,7
14211,5
14212,1
14214,5
14215,3
14217,5
14218,4
14221,4
14224,3
14227,2
14231,1
14233,3
14234,2
14236,1
14237,1
14240,3
14243,3
14246,1
14247,5
14249,1
14250,4
14253,8
14256,5
14259,7
14260,2
14262,3
14265,1
14266,1
14269,5
14272,8
14276,2
14278,1
14281,1
14282,5
14285,4
14288,7
14291,3
14294,4
14295,3
14298,3
14300,2
14301,8
14304,5
14307,3
14310,5
14311,1
14313,3
14314,1
14317,4
14320,6
14323,2
14324,1
14326,2
14327,3
14329,2
14330,3
14332,1
14333,4
14336,2
14339,5
14342,3
14345,2
14346,2
14349,3
14352,6
14355,3
14356,2
14358,2
14359,2
14361,1
14362,4
14365,6
14368,4
14371,4
14374,3
14375,3
14377,4
14378,3
14381,8
14384,4
14387,3
14390,2
14391,4
14393,3
14394,8
14397,1
14400,5
14403,4
14406,1
14409,1
14410,3
14412,2
14413,3
14416,4
14419,6
14420,2
14422,3
14425,2
14426,5
14429,5
14432,6
14435,3
14436,1
14439,3
14441,4
14442,3
14445,2
14448,4
14451,3
14454,3
14455,4
14457,3
14458,2
14461,4
14464,4
14467,5
14470,8
14471,1
14473,2
14474,3
14476,2
14477,11
14480,4
14483,2
14484,1
14486,4
14487,2
14489,1
14490,3
14493,3
14496,4
14499,6
14503,3
14505,1
14506,4
14509,4
14512,6
14515,4
14518,1
14519,1
14521,1
14522,4
14524,1
14525,4
14528,6
14531,1
14532,1
14534,3
14535,2
14537,3
14538,2
14540,3
14541,2
14544,5
14547,5
14548,3
14550,1
14551,2
14553,5
14554,4
14557,7
14560,6
14563,6
14564,1
14566,1
14567,2
14570,1
14573,2
14576,3
14579,7
14582,1
14583,1
14585,3
14586,1
14588,1
14589,1
14592,4
14595,4
14596,1
14598,4
14599,1
14601,2
14602,5
14604,2
14605,2
14608,5
14611,4
14612,1
14614,3
14615,1
14617,2
14618,1
14621,3
14624,4
14627,1
14630,3
14631,3
14633,3
14634,2
14637,7
14640,5
14643,4
14644,1
14646,3
14647,2
14653,5
14656,2
14659,4
14660,1
14662,2
14663,3
14666,3
14669,7
14672,2
14675,4
14676,1
14678,4
14679,3
14681,6
14682,2
14684,1
14685,4
14688,2
14691,3
14694,4
14695,4
14697,3
14698,2
14700,1
14701,2
14704,5
14707,6
14708,2
14710,1
14711,2
14713,4
14714,9
14716,1
14717,2
14720,3
14723,3
14724,1
14726,2
14727,3
14729,2
14730,1
14733,2
14736,5
14739,2
14740,1
14742,1
14745,4
14746,2
14749,3
14752,4
14755,5
14756,1
14758,3
14759,2
14761,4
14762,2
14765,4
14768,2
14771,4
14774,3
14775,2
14778,4
14781,2
14784,6
14787,1
14790,3
14791,2
14793,3
14794,3
14797,7
14800,4
14803,2
14804,2
14806,6
14807,2
14809,2
14810,3
14813,5
14816,4
14819,2
14822,1
14823,2
14825,3
14826,5
14828,2
14829,2
14832,5
14835,1
14838,3
14839,2
14841,2
14842,3
14844,2
14845,5
14848,2
14851,3
14852,2
14854,4
14855,1
14857,3
14860,1
14861,4
14864,8
14867,4
14868,1
14870,1
14873,4
14874,1
14877,2
14880,9
14883,4
14886,6
14887,1
14890,1
14892,1
14893,1
14896,5
14899,3
14900,2
14902,2
14903,5
14905,1
14906,3
14909,1
14912,4
14915,2
14916,2
14918,2
14919,1
14921,1
14922,7
14924,1
14925,2
14928,4
14931,4
14934,2
14935,2
14937,1
14938,3
14940,2
14941,5
14944,4
14947,3
14948,2
14950,4
14951,2
14953,3
14954,1
14956,4
14957,2
14960,2
14963,2
14966,2
14967,1
14969,3
14970,3
14972,1
14973,5
14976,3
14979,3
14980,2
14982,6
14985,3
14989,5
14992,1
14995,2
14996,2
14998,2
14999,1
15001,3
15002,3
15004,2
15005,6
15008,5
15011,7
15014,5
15017,1
15018,5
15021,3
15024,5
15027,7
15030,3
15031,2
15033,5
15034,3
15037,3
15040,6
15043,3
15044,3
15046,3
15050,3
15052,1
15053,4
15056,6
15059,2
15060,1
15063,3
15065,4
15066,5
15068,5
15069,6
15072,4
15075,5
15078,2
15079,3
15081,3
15082,1
15085,4
15088,4
15091,5
15092,1
15094,2
15097,6
15098,5
15100,3
15101,4
15104,7
15107,3
15108,1
15110,4
15111,2
15113,2
15114,3
15117,5
15120,6
15123,5
15124,2
15126,5
15127,3
15129,2
15130,3
15132,2
15133,3
15136,9
15139,2
15140,1
15142,4
15145,1
15146,4
15148,2
15149,1
15152,5
15155,3
15156,1
15158,7
15159,1
15161,3
15162,4
15164,3
15165,3
15168,10
15171,4
15174,5
15175,1
15178,2
15181,8
15184,3
15187,7
15188,1
15190,3
15191,2
15193,3
15194,1
15197,5
15200,10
15203,2
15204,2
15206,5
15207,4
15209,1
15210,4
15213,1
15216,1
15219,5
15220,1
15222,1
15225,1
15226,2
15228,2
15229,6
15232,4
15235,4
15238,2
15241,3
15242,2
15245,5
15248,3
15251,3
15252,1
15254,1
15255,2
15257,2
15258,4
15261,6
15264,3
15267,5
15270,3
15271,2
15273,1
15274,4
15276,1
15277,7
15280,7
15283,2
15286,3
15287,1
15289,2
15290,2
15292,1
15293,4
15296,2
15299,4
15300,2
15302,2
15303,3
15305,3
15306,4
15309,4
15312,5
15315,5
15318,2
15319,4
15321,3
15322,2
15324,2
15325,3
15328,2
15331,4
15332,1
15334,7
15335,1
15337,1
15338,1
15340,1
15341,3
15344,6
15347,4
15350,7
15351,2
15353,2
15354,3
15356,1
15357,3
15360,4
15363,5
15366,3
15367,4
15369,1
15370,2
15372,2
15373,3
15376,4
15379,3
15382,3
15385,6
15386,1
15388,2
15389,5
15392,5
15395,2
15398,5
15399,1
15401,2
15402,6
15404,1
15405,4
15408,4
15411,2
15412,1
15414,2
15415,2
15417,1
15418,4
15421,5
15424,3
15427,4
15430,2
15433,2
15434,2
15437,3
15440,6
15443,3
15444,1
15446,3
15447,2
15449,2
15450,3
15452,1
15453,5
15456,4
15459,3
15460,2
15462,1
15463,1
15465,1
15466,3
15468,4
15469,6
15472,10
15475,3
15478,1
15479,2
15481,3
15482,4
15485,1
15488,4
15491,8
15494,6
15495,2
15497,1
15498,1
15501,3
15504,6
15507,2
15508,4
15510,2
15511,1
15513,1
15514,3
15516,1
15517,3
15520,4
15523,5
15526,4
15527,3
15529,2
15530,1
15533,3
15536,4
15539,2
15540,1
15542,4
15543,1
15545,1
15546,3
15548,1
15549,2
15552,4
15555,5
15556,3
15558,6
15559,1
15561,1
15562,3
15564,1
15565,2
15568,7
15571,3
15574,1
15575,1
15577,4
15578,2
15581,2
15584,7
15587,2
15588,1
15590,2
15591,3
15593,2
15594,2
15596,2
15597,8
15600,6
15603,1
15604,1
15609,1
15616,7
15619,4
15620,1
15622,1
15625,3
15626,4
15628,1
15629,1
15632,2
15635,2
15636,1
15638,4
15639,1
15641,2
15642,6
15645,7
15648,3
15651,2
15652,2
15654,5
15655,1
15657,5
15658,2
15661,7
15664,1
15667,1
15668,1
15670,1
15671,3
15673,3
15674,2
15676,1
15677,8
15680,7
15683,2
15686,1
15687,1
15690,5
15693,6
15696,5
15699,5
15702,1
15705,1
15706,2
15709,4
15712,6
15715,1
15718,4
15719,4
15722,1
15724,2
15725,5
15728,4
15731,1
15734,1
15735,3
15737,3
15738,2
15741,2
15744,3
15747,1
15750,3
15751,2
15753,1
15754,2
15756,1
15757,3
15760,1
15763,2
15764,1
15767,1
15769,3
15770,3
15773,1
15776,6
15779,3
15780,1
15782,2
15783,1
15785,1
15786,2
15789,4
15792,6
15795,4
15798,3
15799,1
15801,1
15802,1
15804,1
15805,1
15808,3
15811,2
15814,2
15815,1
15818,1
15824,3
15827,3
15828,1
15830,1
15831,2
15833,2
15834,2
15836,1
15837,2
15840,3
15843,5
15844,1
15846,3
15847,2
15849,1
15850,3
15852,2
15853,1
15856,2
15859,3
15860,1
15862,1
15863,1
15865,2
15866,1
15868,1
15869,4
15872,4
15875,1
15876,1
15878,2
15882,6
15884,1
15885,3
15888,5
15891,7
15892,2
15894,3
15897,1
15898,3
15900,2
15901,2
15904,2
15907,3
15911,2
15913,1
15914,2
15917,3
15920,3
15923,1
15926,4
15927,1
15929,1
15930,1
15933,4
15936,5
15942,4
15946,1
15949,4
15952,4
15955,2
15956,2
15958,3
15959,1
15964,1
15965,3
15968,5
15971,3
15974,1
15975,1
15977,2
15978,2
15981,2
15984,1
15987,3
15988,1
15990,2
15991,1
15993,1
15994,1
15996,1
15997,6
16000,2
16003,4
16004,2
16007,1
16009,2
16010,1
16013,2
16016,1
16022,1
16023,2
16025,1
16026,3
16029,3
16032,3
16035,2
16036,1
16038,1
16039,3
16041,3
16042,2
16045,2
16048,3
16051,1
16052,1
16054,1
16055,1
16058,4
16060,1
16064,4
16067,1
16068,2
16071,3
16073,2
16074,3
16076,1
16077,1
16080,5
16083,1
16086,2
16087,2
16089,1
16090,1
16092,1
16093,3
16096,7
16099,8
16102,3
16103,1
16105,1
16109,2
16112,3
16115,3
16116,1
16119,1
16124,1
16125,4
16128,2
16131,1
16134,2
16138,1
16144,3
16148,2
16151,1
16153,1
16154,1
16160,2
16163,1
16166,1
16167,2
16169,2
16172,3
16173,3
16176,1
16182,1
16185,2
16186,1
16189,4
16195,1
16202,3
16205,5
16208,1
16211,2
16214,2
16215,1
16217,2
16220,1
16221,1
16224,5
16227,4
16230,2
16231,1
16233,1
16237,1
16240,2
16243,3
16244,2
16247,1
16249,3
16250,2
16252,1
16259,3
16262,2
16266,1
16269,3
16272,1
16275,1
16276,1
16278,2
16279,1
16281,2
16282,2
16284,1
16285,4
16288,2
16291,1
16294,2
16301,3
16304,4
16307,2
16308,1
16311,3
16314,5
16316,1
16317,3
16320,1
16323,2
16326,1
16333,1
16336,1
16339,2
16342,1
16343,1
16349,2
16352,1
16355,1
16359,2
16362,1
16364,2
16365,2
16368,2
16374,4
16375,1
16377,1
16378,1
16381,3
16384,1
16390,1
16393,1
16394,2
16397,1
16400,3
16403,3
16404,1
16406,2
16409,1
16410,2
16412,1
16416,2
16419,1
16426,2
16429,1
16432,1
16435,1
16438,1
16441,1
16442,1
16445,1
16448,3
16457,2
16458,2
16461,1
16464,2
16467,5
16474,1
16476,2
16477,3
16480,1
16483,1
16486,2
16492,1
16493,1
16496,2
16499,2
16502,4
16503,1
16505,1
16509,3
16512,2
16519,1
16522,2
16528,1
16535,1
16538,6
16544,3
16548,1
16550,3
16551,1
16554,1
16557,1
16560,2
16563,3
16567,1
16569,2
16570,2
16573,3
16576,5
16585,2
16589,2
16592,3
16595,1
16598,3
16599,1
16605,1
16608,1
16614,1
16615,3
16620,1
16624,2
16627,1
16628,1
16633,1
16636,1
16637,1
16646,2
16650,1
16656,2
16659,2
16662,1
16665,1
16669,1
16672,1
16675,1
16676,1
16678,3
16679,1
16682,1
16684,1
16685,4
16688,2
16691,2
16692,2
16694,1
16698,1
16701,3
16707,2
16717,1
16720,4
16723,1
16726,1
16727,1
16733,2
16736,2
16739,1
16742,2
16743,1
16746,1
16749,4
16752,2
16755,2
16758,2
16761,1
16762,2
16765,3
16768,1
16771,2
16774,1
16775,1
16778,2
16780,1
16781,1
16784,4
16787,2
16796,1
16797,1
16800,2
16806,1
16807,1
16809,1
16812,1
16813,2
16816,3
16819,1
16823,1
16825,1
16829,5
16832,1
16835,3
16836,1
16838,2
16839,1
16842,2
16845,1
16848,3
16851,1
16854,1
16855,1
16861,1
16864,1
16871,2
16874,4
16876,1
16877,4
16880,2
16883,2
16887,4
16889,1
16890,3
16892,1
16893,2
16896,3
16899,4
16902,2
16903,1
16909,1
16912,2
16915,4
16918,2
16919,1
16925,1
16928,7
16931,2
16932,1
16934,2
16935,1
16937,1
16938,1
16941,2
16944,1
16947,2
16953,2
16954,1
16957,1
16960,1
16963,2
16964,1
16966,1
16970,1
16973,1
16979,1
16982,1
16983,3
16986,2
16989,1
16992,1
16995,2
16998,1
16999,2
17001,1
17002,1
17008,2
17011,1
17014,1
17015,1
17017,1
17018,2
17021,1
17024,1
17027,1
17030,2
17031,1
17034,2
17037,1
17040,4
17043,2
17044,1
17049,1
17050,1
17053,2
17056,3
17059,2
17060,1
17062,1
17069,4
17075,3
17076,1
17078,4
17082,1
17085,5
17088,4
17091,1
17092,1
17094,2
17097,2
17100,1
17101,3
17104,1
17107,1
17108,1
17114,2
17117,3
17120,5
17123,1
17124,1
17126,3
17127,1
17129,2
17130,2
17133,2
17136,2
17139,4
17142,2
17143,2
17146,2
17148,1
17149,2
17152,4
17158,1
17159,1
17161,2
17162,1
17165,4
17168,2
17175,2
17177,1
17180,1
17181,1
17184,2
17187,2
17190,1
17194,1
17197,1
17200,4
17204,2
17206,5
17207,3
17209,2
17210,2
17212,2
17213,1
17216,2
17219,1
17220,1
17223,3
17225,1
17226,2
17228,1
17229,2
17232,4
17235,3
17239,1
17242,4
17245,1
17248,4
17251,1
17252,1
17254,1
17255,2
17257,1
17258,7
17264,3
17267,1
17270,1
17271,1
17274,4
17276,2
17277,2
17280,2
17283,2
17286,3
17289,1
17290,2
17293,2
17296,5
17299,1
17302,2
17305,2
17306,1
17309,2
17312,2
17315,3
17318,2
17319,1
17321,2
17322,2
17324,1
17325,3
17328,5
17331,3
17334,3
17337,2
17338,5
17340,2
17341,4
17344,2
17350,4
17351,3
17354,2
17356,3
17357,4
17360,2
17363,7
17364,1
17366,2
17372,1
17373,4
17376,4
17379,2
17380,1
17382,3
17383,4
17386,1
17388,4
17389,2
17392,1
17395,6
17398,1
17399,1
17401,2
17405,2
17408,2
17411,2
17412,1
17414,2
17415,1
17417,3
17418,1
17421,2
17424,1
17427,2
17428,1
17431,4
17433,1
17434,4
17437,6
17440,5
17443,2
17444,1
17446,1
17447,1
17449,1
17450,1
17452,1
17456,4
17459,4
17460,2
17462,3
17463,4
17465,1
17466,3
17469,1
17472,1
17475,6
17478,1
17479,2
17481,2
17482,4
17485,5
17488,1
17491,5
17492,1
17494,1
17495,4
17497,4
17498,2
17500,1
17501,4
17504,6
17507,1
17508,1
17510,2
17513,3
17514,4
17516,3
17517,1
17520,3
17523,3
17526,4
17527,2
17529,1
17530,2
17532,1
17533,4
17536,1
17539,2
17540,1
17542,5
17543,4
17546,3
17548,2
17549,4
17552,6
17555,6
17556,1
17559,1
17562,4
17564,1
17565,3
17568,3
17571,2
17572,1
17574,4
17575,2
17577,1
17578,6
17580,2
17581,4
17584,5
17587,1
17590,3
17591,1
17593,1
17594,7
17597,1
17600,3
17603,7
17606,1
17607,1
17609,1
17610,4
17612,1
17613,4
17616,2
17619,4
17620,1
17622,2
17623,1
17625,2
17629,2
17632,7
17635,2
17636,2
17638,1
17641,3
17642,1
17644,1
17645,5
17648,1
17651,2
17654,1
17655,1
17657,1
17658,2
17660,1
17661,4
17664,4
17667,1
17670,4
17671,3
17673,1
17676,2
17677,3
17680,3
17683,5
17684,4
17687,2
17689,2
17690,1
17692,1
17693,3
17696,5
17699,5
17702,1
17703,2
17705,2
17706,1
17709,3
17712,5
17715,3
17716,1
17718,3
17721,2
17722,3
17725,3
17728,7
17731,4
17732,1
17734,2
17735,2
17737,1
17738,4
17741,7
17744,4
17747,3
17750,3
17751,3
17754,2
17756,1
17757,1
17760,1
17763,6
17766,1
17767,2
17769,4
17770,1
17772,1
17773,3
17779,1
17782,4
17783,3
17786,3
17789,8
17792,2
17795,4
17796,3
17798,4
17801,3
17802,6
17805,7
17808,3
17811,4
17812,1
17814,2
17815,2
17817,1
17818,2
17821,3
17824,5
17827,1
17830,5
17831,3
17833,2
17834,4
17836,2
17837,3
17840,12
17843,2
17844,1
17846,1
17847,1
17849,7
17850,6
17852,3
17853,5
17856,1
17859,3
17860,1
17862,3
17865,3
17866,3
17868,1
17869,1
17872,4
17878,4
17879,4
17881,2
17882,1
17885,4
17888,6
17891,3
17892,2
17894,2
17895,1
17897,3
17898,5
17900,1
17901,5
17904,4
17907,2
17908,1
17910,2
17911,4
17913,2
17914,6
17916,2
17917,6
17920,3
17923,2
17924,1
17926,2
17927,3
17929,5
17930,3
17932,2
17933,5
17936,6
17939,6
17942,3
17945,2
17946,5
17948,1
17949,6
17952,2
17955,2
17956,3
17958,5
17961,2
17962,3
17965,1
17968,12
17971,10
17972,2
17974,1
17975,2
17977,7
17978,5
17980,1
17981,4
17984,5
17987,3
17988,2
17990,3
17991,3
17993,2
17994,6
17997,3
18000,6
18003,8
18004,2
18006,3
18007,3
18009,2
18010,2
18012,3
18013,3
18016,4
18019,5
18020,1
18022,2
18023,5
18025,2
18026,2
18028,4
18029,3
18032,3
18035,6
18036,1
18038,5
18041,3
18042,3
18045,4
18048,6
18051,9
18054,8
18055,4
18057,1
18058,7
18060,3
18061,9
18064,2
18067,6
18068,1
18070,5
18071,3
18073,3
18074,3
18076,2
18077,3
18080,9
18083,4
18084,4
18086,4
18087,3
18089,3
18093,3
18096,10
18099,9
18100,1
18102,4
18103,8
18105,4
18106,6
18108,1
18112,9
18115,4
18116,1
18118,1
18119,2
18121,1
18124,2
18125,11
18128,7
18131,4
18134,8
18135,2
18137,2
18138,3
18141,11
18144,4
18147,9
18148,1
18150,6
18151,6
18153,3
18154,1
18157,5
18160,5
18163,10
18164,2
18166,3
18167,1
18170,7
18172,1
18173,6
18176,9
18179,8
18182,2
18183,5
18185,1
18186,3
18188,1
18189,6
18192,7
18195,10
18196,2
18198,4
18199,1
18201,2
18202,5
18204,5
18205,9
18208,16
18211,9
18212,2
18214,1
18215,4
18217,3
18218,8
18220,1
18221,10
18224,12
18227,5
18228,3
18230,6
18231,5
18233,7
18234,8
18236,1
18237,6
18240,6
18243,7
18244,2
18246,5
18247,2
18249,3
18250,5
18252,1
18253,6
18256,8
18259,3
18260,2
18262,3
18263,1
18265,7
18266,10
18269,5
18272,12
18275,12
18276,4
18278,2
18279,4
18281,4
18282,5
18284,2
18285,12
18288,4
18291,5
18292,1
18294,7
18295,6
18297,5
18298,12
18300,2
18301,7
18304,6
18307,7
18308,3
18310,4
18311,6
18313,3
18314,6
18316,1
18317,3
18320,13
18323,18
18324,3
18326,5
18327,1
18329,2
18330,11
18332,1
18333,13
18336,10
18339,11
18340,1
18342,9
18343,6
18345,1
18346,5
18348,2
18349,10
18352,14
18355,9
18356,4
18358,6
18359,3
18361,3
18362,10
18364,1
18365,10
18368,7
18371,7
18374,12
18375,2
18377,9
18378,9
18380,3
18381,7
18384,12
18387,18
18388,1
18390,10
18391,5
18393,2
18394,5
18396,4
18397,10
18400,16
18403,8
18404,2
18406,10
18407,4
18409,6
18410,7
18412,3
18413,13
18416,19
18419,8
18420,5
18422,6
18423,3
18425,10
18426,7
18428,1
18429,9
18432,11
18435,10
18436,8
18438,11
18439,4
18441,7
18442,5
18444,3
18445,8
18448,14
18451,8
18454,6
18455,7
18457,4
18458,9
18460,4
18461,12
18464,21
18467,10
18468,3
18470,11
18471,7
18473,5
18474,7
18476,2
18477,21
18480,18
18483,11
18484,1
18486,13
18487,8
18489,9
18490,12
18492,6
18493,21
18496,10
18499,16
18500,4
18502,10
18503,5
18505,6
18506,12
18508,4
18509,14
18512,18
18515,13
18516,5
18518,11
18519,7
18521,7
18522,12
18524,2
18525,26
18528,18
18531,18
18532,2
18534,10
18535,15
18537,5
18538,11
18540,5
18541,13
18544,19
18547,11
18548,6
18550,6
18551,10
18553,8
18554,9
18556,5
18557,19
18560,18
18563,23
18564,5
18566,11
18567,6
18569,7
18570,17
18572,4
18573,15
18576,21
18579,22
18580,4
18582,11
18583,8
18585,9
18586,22
18588,7
18589,9
18592,16
18595,16
18596,9
18598,13
18599,13
18601,9
18602,13
18604,1
18605,17
18608,15
18611,19
18612,9
18614,9
18615,11
18617,11
18618,11
18620,6
18621,17
18624,27
18627,21
18628,5
18630,18
18631,16
18633,8
18634,20
18636,3
18637,18
18640,20
18643,14
18644,6
18646,12
18647,10
18649,11
18650,20
18652,4
18653,27
18656,21
18659,17
18660,5
18662,16
18663,12
18665,11
18666,14
18668,5
18669,23
18672,21
18675,23
18676,4
18678,9
18679,7
18681,12
18682,15
18684,6
18685,24
18688,21
18691,28
18694,20
18695,20
18697,8
18698,16
18700,3
18701,28
18704,32
18707,26
18708,9
18710,12
18711,15
18713,11
18714,15
18716,7
18717,23
18720,34
18723,18
18724,5
18726,16
18727,17
18729,10
18730,13
18732,6
18733,25
18736,40
18739,21
18740,9
18742,16
18743,11
18745,12
18746,21
18748,4
18749,23
18752,27
18755,18
18756,15
18758,17
18759,15
18761,12
18762,20
18764,5
18765,16
18768,38
18771,32
18772,1
18774,24
18775,11
18777,9
18778,20
18780,8
18781,33
18784,36
18787,21
18788,3
18790,20
18791,9
18793,12
18794,22
18796,8
18797,27
18800,41
18803,28
18804,9
18806,28
18807,16
18809,13
18810,26
18812,9
18813,25
18816,30
18819,18
18820,10
18822,25
18823,19
18825,18
18826,22
18828,12
18829,37
18832,38
18835,25
18836,2
18838,29
18839,11
18841,23
18842,35
18844,6
18845,37
18848,61
18851,25
18852,12
18854,22
18855,20
18857,10
18858,12
18860,10
18861,42
18864,37
18867,34
18868,10
18870,18
18871,14
18873,16
18874,22
18876,8
18877,27
18880,44
18883,33
18884,8
18886,18
18887,14
18889,17
18890,16
18892,5
18893,35
18896,57
18899,36
18900,6
18902,23
18903,25
18905,19
18906,32
18908,10
18909,40
18912,38
18915,37
18916,8
18918,24
18919,21
18921,22
18922,25
18924,6
18925,48
18928,46
18931,28
18932,8
18934,26
18935,22
18937,21
18938,26
18940,11
18941,41
18944,52
18947,36
18948,11
18950,31
18951,15
18953,18
18954,26
18956,7
18957,41
18960,46
18963,30
18964,10
18966,23
18967,19
18969,19
18970,28
18972,6
18973,44
18976,46
18979,41
18980,11
18982,34
18983,24
18985,15
18986,30
18988,11
18989,34
18992,41
18995,41
18996,20
18998,49
18999,18
19001,16
19002,25
19004,7
19005,36
19008,37
19011,48
19012,12
19014,23
19015,12
19017,22
19018,36
19020,11
19021,29
19024,45
19027,37
19028,9
19030,24
19031,16
19033,31
19034,29
19036,13
19037,38
19040,53
19043,51
19044,12
19046,34
19047,10
19049,25
19050,41
19052,10
19053,44
19056,58
19059,48
19060,10
19062,30
19063,26
19065,29
19066,32
19068,13
19069,39
19072,65
19075,44
19076,11
19078,37
19079,24
19081,31
19082,30
19084,15
19085,40
19088,65
19091,50
19092,11
19094,40
19095,20
19097,24
19098,41
19100,21
19101,42
19104,59
19107,61
19108,11
19110,30
19111,21
19113,19
19114,32
19116,12
19117,56
19120,59
19123,60
19124,15
19126,33
19127,23
19129,28
19130,39
19132,10
19133,43
19136,69
19139,61
19140,15
19142,45
19143,23
19145,22
19146,51
19148,10
19149,31
19152,62
19155,53
19156,14
19158,43
19159,20
19161,34
19162,33
19164,12
19165,58
19168,64
19171,56
19172,18
19174,45
19175,12
19177,26
19178,43
19180,15
19181,48
19184,59
19187,52
19188,13
19190,47
19191,20
19193,26
19194,45
19196,16
19197,47
19200,80
19203,54
19204,9
19206,38
19207,23
19209,35
19210,36
19212,16
19213,47
19216,72
19219,60
19220,14
19222,37
19223,44
19225,24
19226,48
19228,16
19229,48
19232,67
19235,43
19236,18
19238,43
19239,22
19241,27
19242,51
19244,17
19245,46
19248,73
19251,57
19252,19
19254,46
19255,35
19257,27
19258,32
19260,11
19261,54
19264,74
19267,71
19268,6
19270,30
19271,27
19273,30
19274,59
19276,17
19277,88
19280,77
19283,67
19284,21
19286,55
19287,29
19289,22
19290,46
19292,18
19293,58
19296,92
19299,59
19300,13
19302,36
19303,35
19305,35
19306,41
19308,12
19309,74
19312,78
19315,64
19316,23
19318,51
19319,27
19321,35
19322,54
19324,11
19325,59
19328,81
19331,63
19332,10
19334,45
19335,22
19337,30
19338,36
19340,14
19341,58
19344,86
19347,83
19348,11
19350,55
19351,38
19353,34
19354,41
19356,14
19357,65
19360,88
19363,71
19364,19
19366,48
19367,36
19369,32
19370,47
19372,16
19373,56
19376,113
19379,77
19380,23
19382,48
19383,34
19385,45
19386,46
19388,8
19389,76
19392,97
19395,64
19396,18
19398,72
19399,44
19401,35
19402,59
19404,16
19405,70
19408,92
19411,65
19412,18
19414,55
19415,37
19417,29
19418,47
19420,8
19421,70
19424,89
19427,80
19428,20
19430,71
19431,45
19433,29
19434,53
19436,11
19437,63
19440,85
19443,60
19444,16
19446,67
19447,43
19449,41
19450,46
19452,22
19453,75
19456,93
19459,79
19460,14
19462,65
19463,32
19465,45
19466,42
19468,28
19469,74
19472,82
19475,74
19476,13
19478,53
19479,29
19481,33
19482,59
19484,21
19485,77
19488,90
19491,91
19492,18
19494,58
19495,38
19497,46
19498,60
19500,22
19501,75
19504,76
19507,82
19508,21
19510,46
19511,38
19513,32
19514,52
19516,19
19517,87
19520,93
19523,83
19524,18
19526,55
19527,51
19529,40
19530,52
19532,14
19533,71
19536,107
19539,70
19540,21
19542,52
19543,34
19545,34
19546,56
19548,15
19549,85
19552,93
19555,72
19556,22
19558,58
19559,43
19561,33
19562,67
19564,18
19565,82
19568,100
19571,69
19572,18
19574,63
19575,32
19577,36
19578,64
19580,18
19581,70
19584,97
19587,76
19588,12
19590,62
19591,37
19593,43
19594,67
19596,20
19597,70
19600,115
19603,71
19604,23
19606,66
19607,44
19609,42
19610,65
19612,18
19613,80
19616,99
19619,78
19620,11
19622,54
19623,50
19625,36
19626,64
19628,16
19629,86
19632,109
19635,91
19636,16
19638,66
19639,46
19641,26
19642,52
19644,18
19645,77
19648,98
19651,77
19652,19
19654,53
19655,49
19657,38
19658,44
19660,15
19661,81
19664,99
19667,83
19668,20
19670,63
19671,36
19673,37
19674,55
19676,22
19677,66
19680,115
19683,78
19684,23
19686,51
19687,52
19689,41
19690,57
19692,14
19693,71
19696,113
19699,79
19700,20
19702,74
19703,42
19705,41
19706,64
19708,21
19709,80
19712,97
19715,81
19716,23
19718,55
19719,38
19721,51
19722,57
19724,30
19725,96
19728,98
19731,91
19732,18
19734,60
19735,43
19737,29
19738,75
19740,19
19741,95
19744,91
19747,85
19748,18
19750,75
19751,54
19753,32
19754,69
19756,29
19757,90
19760,112
19763,83
19764,32
19766,46
19767,43
19769,46
19770,72
19772,23
19773,80
19776,110
19779,90
19780,24
19782,63
19783,35
19785,35
19786,63
19788,21
19789,92
19792,115
19795,83
19796,23
19798,65
19799,53
19801,37
19802,62
19804,26
19805,108
19808,106
19811,88
19812,21
19814,54
19815,44
19817,40
19818,59
19820,26
19821,90
19824,107
19827,104
19828,17
19830,78
19831,50
19833,46
19834,74
19836,28
19837,98
19840,106
19843,89
19844,23
19846,69
19847,33
19849,58
19850,61
19852,19
19853,76
19856,109
19859,84
19860,19
19862,71
19863,48
19865,41
19866,73
19868,23
19869,95
19872,97
19875,92
19876,24
19878,77
19879,37
19881,49
19882,70
19884,31
19885,78
19888,120
19891,102
19892,28
19894,72
19895,60
19897,43
19898,67
19900,33
19901,102
19904,122
19907,84
19908,31
19910,74
19911,43
19913,51
19914,78
19916,18
19917,104
19920,118
19923,88
19924,18
19926,76
19927,44
19929,48
19930,61
19932,16
19933,106
19936,107
19939,90
19940,27
19942,64
19943,44
19945,47
19946,73
19948,30
19949,84
19952,128
19955,94
19956,25
19958,62
19959,44
19961,43
19962,67
19964,19
19965,112
19968,113
19971,91
19972,31
19974,57
19975,54
19977,51
19978,67
19980,27
19981,124
19984,128
19987,97
19988,15
19990,81
19991,48
19993,54
19994,74
19996,29
19997,101
20000,112
20003,89
20004,23
20006,64
20007,49
20009,55
20010,82
20012,25
20013,95
20016,116
20019,94
20020,23
20022,59
20023,49
20025,58
20026,77
20028,18
20029,92
20032,110
20035,91
20036,16
20038,85
20039,47
20041,34
20042,72
20044,15
20045,81
20048,105
20051,102
20052,14
20054,57
20055,56
20057,55
20058,57
20060,20
20061,112
20064,138
20067,111
20068,34
20070,63
20071,52
20073,51
20074,72
20076,23
20077,100
20080,108
20083,118
20084,22
20086,85
20087,42
20089,43
20090,80
20092,25
20093,91
20096,119
20099,116
20100,26
20102,73
20103,55
20105,60
20106,61
20108,25
20109,111
20112,137
20115,101
20116,21
20118,62
20119,54
20121,46
20122,77
20124,28
20125,105
20128,127
20131,95
20132,27
20134,81
20135,59
20137,49
20138,81
20140,22
20141,110
20144,136
20147,83
20148,27
20150,69
20151,44
20153,39
20154,65
20156,22
20157,84
20160,127
20163,100
20164,29
20166,78
20167,54
20169,54
20170,85
20172,22
20173,114
20176,126
20179,83
20180,24
20182,61
20183,44
20185,53
20186,67
20188,27
20189,93
20192,145
20195,107
20196,25
20198,67
20199,51
20201,56
20202,82
20204,27
20205,104
20208,135
20211,91
20212,26
20214,70
20215,52
20217,41
20218,64
20220,27
20221,111
20224,124
20227,101
20228,28
20230,89
20231,52
20233,52
20234,68
20236,22
20237,96
20240,132
20243,97
20244,32
20246,63
20247,46
20249,63
20250,78
20252,20
20253,109
20256,128
20259,115
20260,28
20262,78
20263,54
20265,51
20266,80
20268,26
20269,92
20272,126
20275,100
20276,18
20278,78
20279,59
20281,64
20282,97
20284,25
20285,101
20288,120
20291,79
20292,39
20294,87
20295,39
20297,59
20298,77
20300,23
20301,89
20304,147
20307,84
20308,34
20310,84
20311,49
20313,64
20314,78
20316,29
20317,99
20320,118
20323,121
20324,30
20326,76
20327,55
20329,54
20330,84
20332,29
20333,105
20336,139
20339,99
20340,19
20342,80
20343,60
20345,44
20346,69
20348,20
20349,110
20352,128
20355,109
20356,25
20358,73
20359,50
20361,53
20362,67
20364,29
20365,99
20368,134
20371,101
20372,27
20374,64
20375,50
20377,58
20378,79
20380,17
20381,90
20384,113
20387,81
20388,31
20390,75
20391,39
20393,50
20394,74
20396,27
20397,89
20400,137
20403,102
20404,33
20406,92
20407,57
20409,48
20410,71
20412,30
20413,105
20416,127
20419,114
20420,20
20422,69
20423,58
20425,46
20426,78
20428,25
20429,100
20432,132
20435,109
20436,24
20438,98
20439,54
20441,42
20442,56
20444,26
20445,112
20448,130
20451,88
20452,22
20454,81
20455,45
20457,45
20458,72
20460,25
20461,98
20464,115
20467,105
20468,31
20470,75
20471,53
20473,51
20474,66
20476,38
20477,103
20480,116
20483,87
20484,23
20486,68
20487,56
20489,46
20490,79
20492,19
20493,99
20496,118
20499,94
20500,24
20502,73
20503,40
20505,52
20506,75
20508,25
20509,90
20512,119
20515,100
20516,27
20518,58
20519,40
20521,43
20522,72
20524,17
20525,85
20528,123
20531,100
20532,26
20534,60
20535,49
20537,48
20538,68
20540,30
20541,102
20544,116
20547,89
20548,28
20550,76
20551,41
20553,57
20554,81
20556,33
20557,102
20560,112
20563,82
20564,21
20566,65
20567,46
20569,45
20570,75
20572,21
20573,103
20576,102
20579,93
20580,19
20582,75
20583,42
20585,47
20586,73
20588,21
20589,82
20592,105
20595,78
20596,21
20598,68
20599,46
20601,38
20602,61
20604,19
20605,78
20608,116
20611,84
20612,24
20614,76
20615,34
20617,64
20618,74
20620,21
20621,85
20624,135
20627,81
20628,18
20630,71
20631,40
20633,50
20634,73
20636,25
20637,84
20640,99
20643,77
20644,13
20646,57
20647,39
20649,40
20650,74
20652,17
20653,96
20656,92
20659,87
20660,20
20662,64
20663,42
20665,56
20666,71
20668,26
20669,101
20672,100
20675,75
20676,22
20678,59
20679,28
20681,44
20682,55
20684,17
20685,96
20688,93
20691,74
20692,34
20694,70
20695,36
20697,47
20698,67
20700,18
20701,66
20704,121
20707,99
20708,21
20710,50
20711,42
20713,30
20714,52
20716,18
20717,96
20720,90
20723,88
20724,22
20726,59
20727,36
20729,46
20730,70
20732,20
20733,82
20736,94
20739,88
20740,18
20742,62
20743,39
20745,29
20746,56
20748,19
20749,81
20752,90
20755,92
20756,16
20758,56
20759,43
20761,46
20762,66
20764,22
20765,76
20768,99
20771,73
20772,21
20774,48
20775,43
20777,42
20778,67
20780,12
20781,71
20784,101
20787,68
20788,16
20790,60
20791,40
20793,44
20794,46
20796,11
20797,80
20800,117
20803,71
20804,19
20806,48
20807,21
20809,39
20810,60
20812,21
20813,68
20816,111
20819,93
20820,22
20822,55
20823,40
20825,47
20826,49
20828,25
20829,69
20832,70
20835,66
20836,16
20838,44
20839,36
20841,49
20842,45
20844,16
20845,80
20848,93
20851,74
20852,18
20854,50
20855,34
20857,33
20858,70
20860,14
20861,76
20864,99
20867,64
20868,17
20870,52
20871,34
20873,40
20874,47
20876,12
20877,63
20880,89
20883,89
20884,14
20886,44
20887,30
20889,33
20890,48
20892,15
20893,70
20896,84
20899,75
20900,17
20902,44
20903,38
20905,40
20906,54
20908,19
20909,72
20912,96
20915,69
20916,11
20918,57
20919,45
20921,43
20922,56
20924,13
20925,66
20928,96
20931,60
20932,26
20934,42
20935,41
20937,33
20938,59
20940,13
20941,73
20944,96
20947,62
20948,12
20950,53
20951,33
20953,33
20954,41
20956,12
20957,57
20960,91
20963,78
20964,18
20966,47
20967,36
20969,29
20970,53
20972,17
20973,65
20976,75
20979,52
20980,12
20982,53
20983,33
20985,32
20986,45
20988,21
20989,62
20992,85
20995,66
20996,14
20998,41
20999,31
21001,36
21002,30
21004,19
21005,71
21008,85
21011,67
21012,15
21014,53
21015,31
21017,26
21018,42
21020,19
21021,66
21024,67
21027,56
21028,10
21030,52
21031,39
21033,28
21034,51
21036,11
21037,66
21040,89
21043,62
21044,16
21046,48
21047,22
21049,32
21050,53
21052,19
21053,66
21056,75
21059,63
21060,12
21062,42
21063,26
21065,37
21066,38
21068,15
21069,63
21072,74
21075,75
21076,15
21078,48
21079,35
21081,36
21082,53
21084,13
21085,63
21088,74
21091,49
21092,16
21094,45
21095,25
21097,29
21098,36
21100,19
21101,66
21104,67
21107,65
21108,20
21110,46
21111,36
21113,26
21114,36
21116,7
21117,52
21120,62
21123,51
21124,14
21126,34
21127,30
21129,30
21130,31
21132,16
21133,58
21136,71
21139,56
21140,12
21142,43
21143,34
21145,27
21146,47
21148,20
21149,61
21152,73
21155,65
21156,15
21158,56
21159,33
21161,26
21162,29
21164,20
21165,60
21168,72
21171,61
21172,14
21174,50
21175,26
21177,26
21178,40
21180,11
21181,68
21184,73
21187,41
21188,18
21190,33
21191,31
21193,36
21194,34
21196,13
21197,56
21200,66
21203,53
21204,13
21206,44
21207,13
21209,29
21210,42
21212,10
21213,64
21216,59
21219,48
21220,10
21222,38
21223,18
21225,23
21226,32
21228,15
21229,56
21232,63
21235,49
21236,15
21238,49
21239,25
21241,28
21242,33
21244,15
21245,54
21248,63
21251,40
21252,20
21254,40
21255,27
21257,31
21258,45
21260,16
21261,48
21264,75
21267,57
21268,12
21270,44
21271,17
21273,25
21274,44
21276,12
21277,40
21280,55
21283,50
21284,12
21286,34
21287,20
21289,24
21290,32
21292,16
21293,59
21296,67
21299,51
21300,24
21302,45
21303,24
21305,17
21306,41
21308,9
21309,58
21312,42
21315,47
21316,10
21318,37
21319,20
21321,23
21322,34
21324,18
21325,43
21328,63
21331,41
21332,10
21334,28
21335,21
21337,24
21338,35
21340,13
21341,48
21344,60
21347,44
21348,11
21350,36
21351,37
21353,25
21354,28
21356,13
21357,54
21360,47
21363,33
21364,6
21366,34
21367,17
21369,17
21370,31
21372,12
21373,48
21376,51
21379,50
21380,8
21382,30
21383,24
21385,32
21386,24
21388,18
21389,42
21392,51
21395,57
21396,9
21398,27
21399,26
21401,24
21402,30
21404,11
21405,31
21408,49
21411,47
21412,11
21414,31
21415,30
21417,23
21418,30
21420,10
21421,28
21424,48
21427,32
21428,10
21430,20
21431,26
21433,17
21434,35
21436,7
21437,54
21440,50
21443,40
21444,11
21446,33
21447,26
21449,30
21450,26
21452,7
21453,29
21456,56
21459,43
21460,8
21462,33
21463,19
21465,20
21466,17
21468,8
21469,32
21472,45
21475,45
21476,12
21478,31
21479,21
21481,20
21482,19
21484,11
21485,40
21488,53
21491,41
21492,14
21494,28
21495,13
21497,15
21498,33
21500,12
21501,39
21504,54
21507,38
21508,12
21510,27
21511,23
21513,18
21514,26
21516,8
21517,28
21520,56
21523,44
21524,10
21526,28
21527,21
21529,11
21530,34
21532,9
21533,51
21536,31
21539,37
21540,4
21542,20
21543,21
21545,18
21546,35
21548,11
21549,37
21552,54
21555,45
21556,8
21558,42
21559,15
21561,12
21562,26
21564,10
21565,32
21568,41
21571,46
21572,9
21574,16
21575,9
21577,23
21578,31
21580,9
21581,38
21584,34
21587,35
21588,6
21590,26
21591,21
21593,19
21594,24
21596,14
21597,34
21600,55
21603,27
21604,13
21606,24
21607,14
21609,19
21610,28
21612,8
21613,33
21616,42
21619,31
21620,6
21622,28
21623,20
21625,15
21626,30
21628,2
21629,35
21632,39
21635,39
21636,12
21638,17
21639,15
21641,24
21642,28
21644,2
21645,26
21648,43
21651,25
21652,9
21654,19
21655,14
21657,15
21658,25
21660,4
21661,35
21664,37
21667,30
21668,12
21670,23
21671,9
21673,23
21674,20
21676,6
21677,43
21680,48
21683,30
21684,7
21686,24
21687,20
21689,11
21690,22
21692,10
21693,34
21696,38
21699,23
21700,9
21702,22
21703,14
21705,16
21706,24
21708,7
21709,28
21712,36
21715,23
21716,9
21718,12
21719,12
21721,14
21722,18
21724,10
21725,34
21728,32
21731,31
21732,8
21734,20
21735,11
21737,17
21738,26
21740,8
21741,26
21744,32
21747,28
21748,11
21750,20
21751,10
21753,13
21754,32
21756,8
21757,36
21760,38
21763,34
21764,11
21766,24
21767,22
21769,12
21770,20
21772,8
21773,26
21776,41
21779,34
21780,8
21782,24
21783,18
21785,18
21786,15
21788,9
21789,26
21792,30
21795,43
21796,8
21798,16
21799,15
21801,10
21802,21
21804,8
21805,22
21808,40
21811,26
21812,5
21814,30
21815,12
21817,7
21818,18
21820,3
21821,23
21824,31
21827,29
21828,6
21830,21
21831,14
21833,15
21834,13
21836,5
21837,42
21840,26
21843,24
21844,5
21846,17
21847,11
21849,19
21850,30
21852,2
21853,35
21856,27
21859,27
21860,9
21862,20
21863,14
21865,15
21866,25
21868,8
21869,29
21872,34
21875,21
21876,1
21878,19
21879,9
21881,17
21882,21
21884,3
21885,35
21888,34
21891,31
21892,8
21894,15
21895,15
21897,14
21898,18
21900,7
21901,32
21904,28
21907,33
21908,7
21910,25
21911,10
21913,12
21914,20
21916,6
21917,29
21920,31
21923,30
21924,8
21926,15
21927,12
21929,14
21930,24
21932,6
21933,29
21936,33
21939,27
21940,5
21942,20
21943,16
21945,12
21946,24
21948,10
21949,22
21952,31
21955,25
21956,5
21958,18
21959,17
21961,13
21962,19
21964,7
21965,32
21968,21
21971,21
21972,8
21974,16
21975,16
21977,7
21978,18
21980,4
21981,31
21984,26
21987,27
21988,8
21990,24
21991,5
21993,11
21994,17
21996,3
21997,22
22000,41
22003,15
22004,4
22006,25
22007,12
22009,10
22010,19
22012,5
22013,24
22016,20
22019,11
22020,4
22022,13
22023,12
22025,11
22026,28
22028,9
22029,14
22032,25
22035,22
22036,8
22038,16
22039,9
22041,10
22042,17
22044,12
22045,22
22048,31
22051,17
22052,2
22054,20
22055,17
22057,15
22058,23
22060,5
22061,26
22064,24
22067,18
22068,3
22070,24
22071,16
22073,7
22074,18
22076,6
22077,24
22080,32
22083,20
22084,6
22086,8
22087,8
22089,12
22090,16
22092,1
22093,28
22096,27
22099,24
22100,4
22102,14
22103,13
22105,13
22106,19
22108,9
22109,23
22112,30
22115,21
22116,4
22118,40
22119,9
22121,6
22122,16
22124,8
22125,19
22128,24
22131,14
22132,6
22134,11
22135,11
22137,12
22138,16
22140,6
22141,27
22144,18
22147,19
22148,8
22150,13
22151,13
22153,10
22154,23
22156,9
22157,25
22160,27
22163,25
22164,3
22166,25
22167,14
22169,10
22170,16
22172,7
22173,21
22176,18
22179,21
22180,4
22182,13
22183,5
22185,12
22186,17
22188,6
22189,20
22192,26
22195,21
22196,7
22198,25
22199,11
22201,14
22202,15
22204,9
22205,18
22208,26
22211,19
22212,6
22214,24
22215,13
22217,7
22218,11
22220,8
22221,22
22224,27
22227,37
22228,2
22230,16
22231,11
22233,8
22234,18
22236,5
22237,29
22240,32
22243,12
22244,3
22246,15
22247,13
22249,15
22250,16
22252,5
22253,34
22256,19
22259,23
22260,5
22262,23
22263,11
22265,14
22266,12
22268,4
22269,18
22272,26
22275,31
22276,9
22278,21
22279,17
22281,6
22282,20
22284,1
22285,24
22288,17
22291,25
22292,2
22294,15
22295,9
22297,16
22298,28
22300,2
22301,19
22304,29
22307,21
22308,6
22310,13
22311,6
22313,11
22314,23
22316,6
22317,19
22320,19
22323,20
22324,7
22326,15
22327,15
22329,10
22330,10
22332,7
22333,16
22336,27
22339,29
22340,6
22342,15
22343,7
22345,8
22346,13
22348,7
22349,20
22352,34
22355,17
22356,3
22358,22
22359,7
22361,7
22362,10
22364,4
22365,13
22368,25
22371,26
22372,4
22374,13
22375,11
22377,12
22378,8
22380,6
22381,20
22384,19
22387,16
22388,2
22390,13
22391,8
22393,10
22394,14
22396,3
22397,22
22400,29
22403,24
22404,6
22406,20
22407,9
22409,9
22410,15
22412,3
22413,20
22416,28
22419,21
22420,4
22422,15
22423,13
22425,10
22426,14
22428,4
22429,19
22432,35
22435,14
22436,5
22438,14
22439,8
22441,14
22442,19
22444,5
22445,21
22448,29
22451,22
22452,2
22454,13
22455,16
22457,11
22458,12
22460,6
22461,20
22464,36
22467,11
22468,9
22470,14
22471,8
22473,9
22474,10
22476,9
22477,17
22480,21
22483,25
22484,5
22486,10
22487,10
22489,10
22490,17
22492,6
22493,21
22496,17
22499,23
22500,5
22502,11
22503,11
22505,9
22506,15
22508,5
22509,23
22512,31
22515,14
22516,4
22518,26
22519,11
22521,11
22522,16
22524,4
22525,23
22528,29
22531,18
22532,5
22534,10
22535,8
22537,21
22538,14
22540,5
22541,26
22544,26
22547,22
22548,5
22550,15
22551,8
22553,8
22554,17
22556,6
22557,18
22560,22
22563,10
22564,6
22566,9
22567,13
22569,10
22570,12
22572,6
22573,15
22576,29
22579,16
22580,6
22582,18
22583,8
22585,13
22586,15
22588,4
22589,17
22592,26
22595,18
22596,6
22598,14
22599,6
22601,13
22602,16
22604,4
22605,20
22608,29
22611,20
22612,1
22614,19
22615,7
22617,7
22618,17
22620,8
22621,27
22624,16
22627,15
22628,5
22630,10
22631,7
22633,14
22634,19
22636,8
22637,23
22640,29
22643,18
22644,4
22646,11
22647,7
22649,15
22650,10
22652,3
22653,21
22656,23
22659,12
22660,6
22662,12
22663,16
22665,10
22666,13
22668,6
22669,16
22672,20
22675,16
22676,4
22678,9
22679,12
22681,12
22682,13
22684,7
22685,25
22688,26
22691,25
22692,8
22694,14
22695,15
22697,11
22698,17
22700,4
22701,15
22704,20
22707,19
22708,8
22710,9
22711,12
22713,11
22714,12
22716,5
22717,16
22720,28
22723,20
22724,2
22726,15
22727,12
22729,13
22730,9
22732,3
22733,14
22736,26
22739,19
22740,5
22742,17
22743,18
22745,6
22746,6
22748,6
22749,29
22752,34
22755,11
22756,7
22758,15
22759,13
22761,12
22762,17
22764,6
22765,17
22768,26
22771,13
22772,3
22774,9
22775,5
22777,8
22778,20
22780,2
22781,16
22784,25
22787,13
22788,4
22790,16
22791,14
22793,10
22794,18
22796,8
22797,21
22800,26
22803,22
22804,5
22806,22
22807,12
22809,8
22810,11
22812,2
22813,14
22816,16
22819,23
22820,5
22822,9
22823,7
22825,7
22826,13
22828,5
22829,18
22832,25
22835,19
22836,7
22838,11
22839,13
22841,10
22842,15
22844,6
22845,18
22848,23
22851,27
22852,8
22854,11
22855,12
22857,10
22858,22
22860,5
22861,25
22864,18
22867,14
22868,7
22870,14
22871,13
22873,12
22874,15
22876,3
22877,20
22880,21
22883,22
22884,3
22886,19
22887,8
22889,11
22890,17
22892,7
22893,22
22896,30
22899,23
22900,11
22902,14
22903,8
22905,8
22906,18
22908,9
22909,16
22912,18
22915,17
22916,3
22918,13
22919,13
22921,7
22922,15
22924,6
22925,14
22928,19
22931,19
22932,6
22934,10
22935,4
22937,8
22938,19
22940,6
22941,16
22944,22
22947,26
22948,1
22950,14
22951,12
22953,4
22954,17
22956,5
22957,14
22960,24
22963,25
22964,4
22966,7
22967,8
22969,14
22970,16
22972,1
22973,17
22976,23
22979,15
22980,9
22982,12
22983,6
22985,9
22986,21
22988,5
22989,18
22992,21
22995,24
22996,4
22998,17
22999,6
23001,6
23002,18
23004,8
23005,20
23008,20
23011,22
23012,5
23014,15
23015,10
23017,10
23018,12
23020,4
23021,18
23024,24
23027,24
23028,4
23030,13
23031,11
23033,9
23034,13
23036,6
23037,23
23040,21
23043,13
23044,8
23046,9
23047,8
23049,13
23050,14
23052,2
23053,17
23056,29
23059,15
23060,2
23062,20
23063,7
23065,8
23066,12
23068,5
23069,25
23072,17
23075,33
23076,4
23078,11
23079,16
23081,4
23082,12
23084,2
23085,14
23088,30
23091,19
23092,4
23094,19
23095,9
23097,15
23098,16
23100,7
23101,26
23104,20
23107,19
23108,1
23110,9
23111,9
23113,12
23114,16
23116,4
23117,27
23120,29
23123,20
23124,10
23126,13
23127,10
23129,11
23130,13
23132,3
23133,20
23136,28
23139,12
23140,4
23142,12
23143,11
23145,16
23146,18
23148,6
23149,21
23152,31
23155,14
23156,10
23158,13
23159,4
23161,5
23162,14
23164,5
23165,19
23168,24
23171,16
23172,5
23174,17
23175,14
23177,10
23178,11
23180,6
23181,22
23184,16
23187,18
23188,4
23190,13
23191,12
23193,7
23194,20
23196,2
23197,20
23200,26
23203,12
23204,6
23206,15
23207,10
23209,11
23210,15
23212,6
23213,18
23216,19
23219,19
23220,8
23222,6
23223,12
23225,5
23226,16
23228,4
23229,12
23232,26
23235,12
23236,3
23238,13
23239,8
23241,10
23242,13
23244,3
23245,13
23248,22
23251,16
23252,4
23254,11
23255,13
23257,9
23258,14
23260,4
23261,19
23264,23
23267,21
23268,8
23270,21
23271,7
23273,12
23274,16
23276,8
23277,25
23280,15
23283,15
23284,7
23286,20
23287,12
23289,7
23290,14
23292,9
23293,20
23296,13
23299,16
23300,6
23302,14
23303,5
23305,13
23306,18
23308,3
23309,20
23312,19
23315,12
23316,7
23318,15
23319,11
23321,7
23322,5
23324,3
23325,26
23328,17
23331,23
23332,5
23334,17
23335,11
23337,7
23338,18
23340,3
23341,15
23344,23
23347,23
23348,5
23350,17
23351,13
23353,17
23354,16
23356,4
23357,18
23360,23
23363,17
23364,4
23366,16
23367,6
23369,5
23370,11
23372,3
23373,20
23376,18
23379,24
23380,3
23382,14
23383,5
23385,5
23386,13
23388,3
23389,16
23392,20
23395,21
23396,5
23398,18
23399,10
23401,9
23402,18
23404,2
23405,11
23408,17
23411,19
23412,3
23414,10
23415,9
23417,12
23418,16
23420,6
23421,13
23424,30
23427,23
23428,7
23430,16
23431,7
23433,6
23434,9
23436,9
23437,18
23440,31
23443,15
23444,7
23446,16
23447,9
23449,14
23450,18
23452,3
23453,20
23456,25
23459,16
23460,4
23462,14
23463,5
23465,10
23466,16
23468,7
23469,12
23472,15
23475,8
23476,3
23478,11
23479,2
23481,1
23482,15
23484,3
23485,22
23488,17
23491,12
23492,7
23494,18
23495,11
23497,10
23498,7
23500,1
23501,13
23504,18
23507,24
23508,3
23510,16
23511,10
23513,7
23514,11
23516,4
23517,18
23520,20
23523,12
23524,3
23526,12
23527,11
23529,9
23530,17
23532,1
23533,22
23536,26
23539,25
23540,4
23542,10
23543,8
23545,5
23546,12
23548,5
23549,10
23552,29
23555,21
23556,3
23558,11
23559,9
23561,11
23562,12
23564,6
23565,21
23568,21
23571,13
23572,4
23574,6
23575,13
23577,4
23578,9
23580,5
23581,15
23584,25
23587,16
23588,3
23590,14
23591,10
23593,8
23594,9
23596,5
23597,16
23600,15
23603,22
23604,1
23606,14
23607,7
23609,9
23610,17
23612,4
23613,15
23616,16
23619,17
23620,5
23622,12
23623,10
23625,7
23626,16
23628,3
23629,15
23632,18
23635,19
23636,7
23638,9
23639,6
23641,5
23642,13
23644,2
23645,15
23648,15
23651,13
23652,5
23654,5
23655,4
23657,7
23658,15
23660,3
23661,16
23664,23
23667,14
23668,3
23670,7
23671,8
23673,6
23674,11
23676,6
23677,21
23680,17
23683,15
23684,4
23686,17
23687,11
23689,10
23690,13
23692,3
23693,13
23696,15
23699,18
23700,4
23702,10
23703,6
23705,6
23706,9
23708,2
23709,15
23712,22
23715,17
23716,5
23718,9
23719,8
23721,5
23722,12
23724,2
23725,20
23728,18
23731,16
23732,5
23734,10
23735,10
23737,3
23738,20
23740,3
23741,17
23744,18
23747,13
23748,8
23750,17
23751,4
23753,10
23754,13
23756,3
23757,15
23760,21
23763,12
23764,4
23766,11
23767,8
23769,17
23770,11
23772,5
23773,11
23776,28
23779,14
23780,5
23782,15
23783,8
23785,6
23786,15
23788,3
23789,9
23792,17
23795,19
23796,1
23798,11
23799,10
23801,11
23802,18
23804,8
23805,13
23808,20
23811,19
23812,3
23814,16
23815,4
23817,8
23818,11
23820,4
23821,12
23824,17
23827,13
23828,3
23830,9
23831,5
23833,8
23834,9
23836,2
23837,23
23840,21
23843,23
23844,3
23846,26
23847,15
23849,11
23850,17
23852,3
23853,20
23856,30
23859,19
23860,6
23862,12
23863,5
23865,3
23866,12
23868,1
23869,17
23872,23
23875,21
23876,6
23878,10
23879,11
23881,6
23882,11
23884,7
23885,23
23888,13
23891,19
23892,4
23894,11
23895,5
23897,10
23898,12
23900,5
23901,13
23904,22
23907,16
23908,3
23910,10
23911,6
23913,4
23914,11
23916,4
23917,21
23920,27
23923,20
23924,4
23926,14
23927,11
23929,7
23930,13
23932,4
23933,14
23936,15
23939,8
23940,8
23942,13
23943,9
23945,8
23946,13
23948,5
23949,16
23952,16
23955,33
23956,6
23958,9
23959,8
23961,4
23962,14
23964,6
23965,18
23968,21
23971,19
23972,4
23974,17
23975,7
23977,6
23978,15
23980,5
23981,19
23984,26
23987,15
23988,3
23990,12
23991,6
23993,10
23994,10
23996,6
23997,27
24000,21
24003,12
24004,1
24006,14
24007,6
24009,7
24010,17
24012,4
24013,23
24016,19
24019,21
24020,5
24022,15
24023,9
24025,3
24026,10
24028,2
24029,14
24032,15
24035,23
24036,8
24038,11
24039,6
24041,3
24042,11
24044,5
24045,15
24048,20
24051,18
24052,3
24054,11
24055,5
24057,5
24058,7
24060,5
24061,12
24064,19
24067,19
24068,6
24070,10
24071,9
24073,11
24074,7
24076,7
24077,23
24080,19
24083,12
24084,4
24086,20
24087,12
24089,6
24090,9
24092,9
24093,17
24096,19
24099,16
24100,4
24102,10
24103,11
24105,13
24106,12
24108,6
24109,22
24112,18
24115,16
24116,2
24118,12
24119,6
24121,9
24122,14
24124,4
24125,21
24128,25
24131,16
24132,2
24134,12
24135,7
24137,5
24138,9
24140,4
24141,15
24144,17
24147,14
24148,3
24150,10
24151,4
24153,7
24154,12
24156,6
24157,9
24160,17
24163,13
24164,3
24166,11
24167,10
24169,8
24170,12
24172,8
24173,15
24176,17
24179,20
24180,5
24182,13
24183,8
24185,5
24186,12
24188,3
24189,9
24192,22
24195,16
24196,2
24198,5
24199,13
24201,6
24202,14
24204,8
24205,12
24208,17
24211,20
24212,4
24214,13
24215,6
24217,10
24218,10
24220,2
24221,12
24224,17
24227,10
24228,5
24230,15
24231,6
24233,4
24234,12
24236,4
24237,17
24240,10
24243,11
24244,6
24246,6
24247,2
24249,7
24250,13
24252,6
24253,12
24256,21
24259,18
24260,3
24262,8
24263,5
24265,7
24266,12
24268,3
24269,17
24272,17
24275,18
24276,6
24278,12
24279,12
24281,6
24282,11
24284,1
24285,16
24288,27
24291,18
24292,5
24294,12
24295,10
24297,3
24298,11
24300,2
24301,19
24304,17
24307,14
24308,3
24310,11
24311,9
24313,8
24314,11
24316,5
24317,15
24320,14
24323,6
24324,2
24326,11
24327,4
24329,9
24330,12
24332,3
24333,12
24336,12
24339,12
24340,3
24342,10
24343,9
24345,4
24346,11
24349,17
24352,21
24355,16
24356,3
24358,8
24359,8
24361,6
24362,9
24364,1
24365,14
24368,18
24371,14
24372,4
24374,11
24375,8
24377,6
24378,12
24380,6
24381,14
24384,18
24387,13
24388,2
24390,14
24391,12
24393,6
24394,11
24396,4
24397,6
24400,25
24403,14
24404,7
24406,14
24407,6
24409,11
24410,16
24412,5
24413,22
24416,15
24419,18
24420,2
24422,5
24423,4
24425,5
24426,5
24428,4
24429,13
24432,17
24435,15
24436,2
24438,6
24439,7
24441,11
24442,7
24444,3
24445,15
24448,17
24451,16
24452,5
24454,17
24455,7
24457,10
24458,9
24460,6
24461,22
24464,21
24467,20
24468,4
24470,11
24471,6
24473,9
24474,16
24476,5
24477,13
24480,22
24483,12
24484,2
24486,5
24487,10
24489,12
24490,9
24492,4
24493,14
24496,10
24499,11
24500,5
24502,12
24503,8
24505,11
24506,14
24508,5
24509,18
24512,6
24515,16
24516,3
24518,12
24519,6
24521,7
24522,8
24524,2
24525,13
24528,25
24531,10
24532,8
24534,12
24535,4
24537,8
24538,13
24541,8
24544,24
24547,24
24548,1
24550,9
24551,8
24553,3
24554,17
24556,3
24557,18
24560,18
24563,10
24564,1
24566,8
24567,4
24569,11
24570,5
24572,2
24573,13
24576,21
24579,15
24580,2
24582,7
24583,7
24585,9
24586,7
24588,4
24589,13
24592,18
24595,8
24596,4
24598,9
24599,7
24601,4
24602,13
24604,1
24605,17
24608,21
24611,10
24612,1
24614,5
24615,12
24617,5
24618,10
24620,1
24621,14
24624,7
24627,13
24628,5
24630,11
24631,6
24633,5
24634,7
24636,1
24637,12
24640,14
24643,12
24644,6
24646,10
24647,5
24649,8
24650,9
24652,4
24653,13
24656,11
24659,9
24660,7
24662,15
24663,9
24665,4
24666,6
24668,4
24669,12
24672,19
24675,12
24676,3
24678,10
24679,7
24681,7
24682,7
24684,3
24685,8
24688,24
24691,13
24692,2
24694,15
24695,8
24697,5
24698,6
24700,1
24701,12
24704,24
24707,12
24710,11
24711,6
24713,5
24714,12
24716,6
24717,11
24720,27
24723,17
24726,12
24727,7
24729,4
24730,11
24732,2
24733,14
24736,24
24739,10
24740,5
24742,18
24743,5
24745,3
24746,10
24748,2
24749,11
24752,18
24755,11
24756,4
24758,7
24759,5
24761,3
24762,12
24764,3
24765,16
24768,15
24771,15
24772,3
24774,11
24775,11
24777,5
24778,9
24780,5
24781,27
24784,21
24787,14
24788,1
24790,8
24791,12
24793,8
24794,11
24796,7
24797,11
24800,19
24803,11
24804,1
24806,7
24807,4
24809,6
24810,8
24812,4
24813,14
24816,14
24819,11
24820,4
24822,4
24823,5
24825,9
24826,6
24828,2
24829,18
24832,15
24835,4
24836,3
24838,4
24839,5
24841,5
24842,12
24844,1
24845,12
24848,16
24851,16
24852,6
24854,8
24855,7
24857,3
24858,7
24860,3
24861,10
24864,15
24867,15
24868,4
24870,13
24871,6
24873,3
24874,20
24877,17
24880,19
24883,10
24884,2
24886,6
24887,6
24889,5
24890,5
24892,2
24893,16
24896,11
24899,9
24900,3
24902,13
24903,9
24905,6
24906,12
24908,1
24909,14
24912,8
24915,11
24916,2
24918,11
24919,7
24921,3
24922,8
24924,5
24925,16
24928,10
24931,11
24932,2
24934,10
24935,3
24937,6
24938,8
24940,2
24941,10
24944,11
24947,15
24948,5
24950,7
24951,5
24953,7
24954,11
24956,4
24957,11
24960,15
24963,7
24964,4
24966,14
24967,3
24969,9
24970,13
24972,4
24973,13
24976,6
24979,9
24980,1
24982,5
24983,3
24985,9
24986,11
24988,2
24989,10
24992,15
24995,15
24996,1
24998,13
24999,6
25001,5
25002,6
25004,2
25005,9
25008,17
25011,15
25012,1
25014,10
25015,3
25017,4
25018,7
25020,1
25021,14
25024,9
25027,11
25028,2
25030,13
25031,4
25033,6
25034,8
25036,2
25037,17
25040,15
25043,10
25044,4
25046,1
25047,6
25049,8
25050,13
25052,1
25053,11
25056,14
25059,4
25060,5
25062,14
25063,8
25065,6
25066,9
25068,4
25069,9
25072,16
25075,11
25078,9
25079,8
25081,5
25082,6
25084,3
25085,9
25088,21
25091,4
25092,4
25094,3
25095,6
25097,6
25098,6
25100,3
25101,8
25104,20
25107,10
25108,2
25110,9
25111,3
25113,6
25114,4
25116,3
25117,5
25120,9
25123,9
25124,3
25126,13
25127,6
25129,4
25130,11
25132,2
25133,12
25136,10
25139,9
25140,2
25142,8
25143,6
25145,5
25146,3
25148,3
25149,10
25152,8
25155,10
25156,3
25158,7
25159,7
25161,2
25162,10
25164,5
25165,12
25168,19
25171,10
25172,1
25174,10
25175,7
25177,8
25178,9
25180,6
25181,12
25184,18
25187,11
25188,1
25190,13
25191,5
25193,8
25194,9
25196,4
25197,10
25200,14
25203,10
25204,4
25206,6
25207,9
25209,9
25210,4
25212,2
25213,9
25216,14
25219,8
25220,3
25222,3
25223,6
25225,8
25226,7
25228,2
25229,11
25232,14
25235,18
25236,3
25238,5
25239,10
25241,8
25242,6
25245,9
25248,13
25251,14
25252,1
25254,9
25255,8
25257,5
25258,10
25260,2
25261,13
25264,19
25267,6
25268,5
25270,12
25271,4
25273,7
25274,5
25276,2
25277,9
25280,12
25283,11
25284,1
25286,7
25287,9
25289,2
25290,10
25292,2
25293,12
25296,19
25299,8
25300,4
25302,8
25303,8
25305,6
25306,9
25309,6
25312,12
25315,10
25316,1
25318,5
25319,9
25321,4
25322,12
25324,2
25325,10
25328,13
25331,9
25332,2
25334,10
25335,5
25337,5
25338,5
25340,2
25341,6
25344,8
25347,8
25348,3
25350,8
25351,3
25353,3
25354,8
25356,2
25357,9
25360,15
25363,2
25364,1
25366,5
25367,3
25369,6
25370,6
25372,4
25373,10
25376,15
25379,9
25380,2
25382,2
25383,1
25385,4
25386,7
25388,1
25389,9
25392,20
25395,6
25396,1
25398,11
25399,2
25401,6
25402,8
25405,8
25408,13
25411,4
25412,4
25414,6
25415,5
25417,4
25418,6
25420,2
25421,10
25424,11
25427,7
25428,3
25430,9
25431,4
25433,5
25434,8
25436,2
25437,13
25440,19
25443,13
25444,1
25446,2
25447,2
25449,5
25450,10
25452,2
25453,14
25456,18
25459,8
25460,5
25462,8
25463,6
25465,6
25466,4
25468,2
25469,10
25472,10
25475,11
25476,4
25478,7
25479,6
25481,8
25482,10
25485,2
25488,12
25491,10
25492,7
25494,10
25495,4
25497,3
25498,6
25500,4
25501,18
25504,15
25507,10
25508,1
25510,8
25511,9
25513,7
25514,10
25516,2
25517,9
25520,11
25523,13
25524,3
25526,12
25527,7
25529,4
25530,5
25532,4
25533,9
25536,13
25539,6
25540,4
25542,9
25543,7
25545,5
25546,6
25548,2
25549,9
25552,14
25555,14
25556,1
25558,7
25559,6
25561,3
25562,6
25564,4
25565,4
25568,10
25571,12
25572,3
25574,9
25575,5
25577,9
25578,13
25580,2
25581,13
25584,8
25587,12
25590,10
25591,4
25593,7
25594,4
25596,5
25597,9
25600,9
25603,10
25604,1
25606,7
25607,11
25609,2
25610,2
25612,5
25613,8
25616,12
25619,5
25620,4
25622,6
25623,2
25625,4
25626,7
25628,2
25629,10
25632,17
25635,12
25636,3
25638,7
25639,8
25641,7
25642,9
25644,2
25645,7
25648,10
25651,7
25652,3
25654,10
25655,3
25657,6
25658,7
25660,2
25661,13
25664,17
25667,9
25670,8
25671,5
25673,5
25674,7
25676,2
25677,14
25680,6
25683,8
25684,1
25686,9
25687,7
25689,3
25690,5
25692,1
25693,7
25696,11
25699,9
25700,1
25702,2
25703,7
25706,2
25708,5
25709,7
25712,10
25715,7
25718,8
25719,1
25721,5
25722,6
25724,1
25725,7
25728,11
25731,10
25734,4
25735,2
25737,5
25738,5
25740,3
25741,9
25744,11
25747,6
25748,1
25750,5
25751,6
25753,4
25754,9
25756,2
25757,5
25760,12
25763,11
25764,4
25766,4
25767,6
25769,1
25770,7
25772,3
25773,8
25776,11
25779,10
25780,3
25782,9
25783,5
25785,3
25786,4
25788,4
25789,9
25792,11
25795,12
25796,1
25798,7
25799,2
25801,8
25802,11
25804,3
25805,9
25808,14
25811,5
25812,1
25814,7
25815,5
25817,2
25818,5
25821,13
25824,9
25827,7
25828,3
25830,7
25831,7
25833,4
25834,9
25836,2
25837,10
25840,8
25843,10
25844,1
25846,7
25847,2
25849,3
25850,7
25852,1
25853,13
25856,13
25859,7
25862,9
25863,8
25865,2
25866,9
25868,2
25869,8
25872,7
25875,13
25876,3
25878,9
25879,4
25881,4
25882,5
25884,2
25885,12
25888,9
25891,4
25892,2
25894,10
25895,1
25897,3
25898,8
25900,4
25901,10
25904,12
25907,7
25908,5
25910,7
25911,5
25913,6
25914,2
25916,1
25917,10
25920,11
25923,9
25924,4
25926,2
25927,3
25929,1
25930,9
25932,2
25933,8
25936,14
25939,8
25940,2
25942,6
25943,2
25945,3
25946,7
25948,2
25949,10
25952,10
25955,8
25956,1
25958,4
25959,1
25961,2
25962,1
25964,2
25965,12
25968,8
25971,6
25972,1
25974,8
25977,4
25978,8
25980,5
25981,6
25984,14
25987,8
25988,2
25990,7
25991,6
25993,4
25994,7
25996,2
25997,5
26000,16
26003,13
26004,3
26006,5
26007,4
26009,3
26010,11
26012,5
26013,6
26016,17
26019,11
26020,2
26022,9
26023,8
26025,5
26026,6
26028,1
26029,5
26032,13
26035,5
26036,1
26038,6
26039,2
26041,6
26042,3
26044,5
26045,11
26048,14
26051,3
26052,2
26054,5
26055,4
26057,6
26058,9
26060,1
26061,9
26064,9
26067,12
26068,1
26070,13
26071,4
26073,5
26074,6
26076,2
26077,17
26080,15
26083,13
26084,2
26086,13
26087,1
26089,4
26090,7
26092,1
26093,13
26096,11
26099,11
26100,5
26102,7
26103,4
26105,6
26106,6
26108,5
26109,15
26112,11
26115,16
26116,2
26118,5
26119,4
26121,1
26122,8
26124,2
26125,11
26128,14
26131,9
26132,5
26134,6
26135,4
26137,4
26138,9
26140,3
26141,14
26144,11
26147,11
26148,1
26150,6
26151,5
26153,3
26154,5
26156,1
26157,8
26160,16
26163,7
26164,2
26166,6
26167,1
26169,5
26170,9
26172,2
26173,9
26176,9
26179,11
26182,9
26183,3
26185,5
26186,8
26188,4
26189,13
26192,8
26195,8
26196,2
26198,4
26199,4
26201,3
26202,6
26204,2
26205,12
26208,11
26211,14
26212,5
26214,10
26215,6
26217,1
26218,7
26221,4
26224,16
26227,13
26228,1
26230,5
26231,4
26233,3
26234,8
26236,2
26237,8
26240,10
26243,6
26244,1
26246,6
26247,3
26249,2
26250,4
26252,3
26253,10
26256,17
26259,10
26260,3
26262,6
26263,7
26265,7
26266,11
26268,2
26269,6
26272,12
26275,6
26276,3
26278,11
26279,2
26281,4
26282,12
26284,3
26285,8
26288,9
26291,6
26292,1
26294,12
26295,8
26297,6
26298,6
26300,3
26301,1
26304,3
26307,15
26308,1
26310,4
26311,2
26313,6
26314,9
26316,4
26317,9
26320,10
26323,8
26324,3
26326,2
26327,5
26329,6
26330,11
26332,2
26333,5
26336,13
26339,4
26340,2
26342,7
26343,3
26345,3
26346,11
26348,2
26349,12
26352,11
26355,3
26356,1
26358,4
26359,1
26361,4
26362,5
26364,3
26365,5
26368,14
26371,5
26374,5
26375,2
26377,2
26378,5
26381,7
26384,8
26387,8
26388,1
26390,7
26391,7
26393,5
26394,13
26397,16
26400,12
26403,12
26404,3
26406,4
26407,3
26409,4
26410,6
26412,3
26413,6
26416,11
26419,8
26420,1
26422,10
26423,4
26426,4
26428,2
26429,9
26432,11
26435,7
26436,5
26438,8
26439,6
26441,6
26442,11
26445,6
26448,9
26451,7
26452,3
26454,8
26455,6
26457,2
26458,4
26460,1
26461,9
26464,19
26467,12
26468,4
26470,8
26471,5
26473,4
26474,4
26476,2
26477,14
26480,5
26483,7
26484,3
26486,10
26487,6
26489,3
26490,2
26492,6
26493,6
26496,17
26499,7
26500,2
26502,9
26505,6
26506,8
26509,12
26512,12
26515,5
26516,1
26518,7
26519,2
26521,7
26522,8
26524,2
26525,8
26528,13
26531,7
26532,1
26534,4
26535,3
26537,3
26538,1
26540,4
26541,11
26544,15
26547,6
26548,2
26550,7
26551,5
26553,4
26554,8
26556,2
26557,6
26560,9
26563,6
26564,5
26566,4
26567,6
26569,1
26570,6
26572,1
26573,7
26576,10
26579,8
26580,2
26582,8
26583,5
26585,4
26586,4
26588,2
26589,5
26592,14
26595,13
26596,1
26598,5
26601,6
26602,7
26604,4
26605,11
26608,9
26611,9
26612,2
26614,6
26615,2
26617,1
26618,2
26620,1
26621,8
26624,14
26627,7
26628,3
26630,7
26631,4
26633,5
26634,5
26636,1
26637,7
26640,9
26643,10
26644,1
26646,9
26647,6
26649,3
26650,7
26652,4
26653,9
26656,8
26659,9
26660,5
26662,2
26663,2
26665,5
26666,16
26668,1
26669,7
26672,12
26675,7
26676,2
26678,5
26679,3
26681,3
26682,8
26684,2
26685,7
26688,8
26691,9
26692,3
26694,4
26695,6
26697,2
26698,6
26701,5
26704,11
26707,6
26708,5
26710,8
26711,3
26713,2
26714,8
26716,2
26717,12
26720,14
26723,8
26724,3
26726,7
26727,2
26729,4
26730,7
26732,3
26733,7
26736,9
26739,10
26740,1
26742,7
26743,6
26745,1
26746,5
26749,5
26752,5
26755,8
26756,1
26758,10
26761,3
26762,9
26764,2
26765,9
26768,11
26771,3
26774,4
26775,3
26777,3
26778,11
26780,1
26781,8
26784,10
26787,8
26790,6
26791,2
26793,4
26794,7
26797,13
26800,14
26803,2
26804,1
26806,4
26807,6
26809,3
26810,6
26812,3
26813,7
26816,10
26819,6
26820,5
26822,6
26823,3
26825,3
26826,3
26829,5
26832,18
26835,8
26836,4
26838,7
26839,4
26841,3
26842,6
26844,2
26845,9
26848,14
26851,5
26852,4
26854,3
26855,4
26857,5
26858,5
26860,3
26861,5
26864,10
26867,15
26868,1
26870,7
26871,2
26873,5
26874,4
26876,2
26877,2
26880,10
26883,5
26884,3
26886,1
26887,1
26889,4
26890,5
26892,5
26893,8
26896,10
26899,7
26900,2
26902,4
26903,5
26905,2
26906,5
26908,3
26909,7
26912,11
26915,3
26916,2
26918,6
26919,6
26921,1
26922,8
26924,1
26925,10
26928,5
26931,7
26934,8
26935,5
26937,1
26938,3
26940,3
26941,7
26944,4
26947,4
26948,1
26950,8
26951,2
26953,5
26954,10
26956,2
26957,5
26960,3
26963,9
26964,2
26966,2
26967,2
26969,2
26970,5
26972,4
26973,7
26976,2
26979,9
26982,9
26983,6
26985,3
26986,7
26989,8
26992,9
26995,4
26996,1
26998,7
26999,3
27001,1
27002,7
27004,2
27005,8
27008,11
27011,5
27012,2
27014,4
27015,2
27017,5
27018,5
27020,1
27021,5
27024,13
27027,7
27028,1
27030,2
27031,5
27033,8
27034,6
27037,5
27040,8
27043,5
27044,4
27046,5
27047,7
27049,3
27050,6
27052,4
27053,2
27056,8
27059,5
27060,4
27062,5
27063,6
27065,3
27066,6
27069,9
27072,7
27075,10
27076,4
27078,2
27079,6
27081,1
27082,6
27084,4
27085,8
27088,6
27091,13
27092,1
27094,2
27097,2
27098,6
27101,4
27104,8
27107,8
27108,1
27110,7
27111,3
27113,3
27114,10
27116,3
27117,10
27120,8
27123,10
27124,4
27126,3
27127,3
27129,5
27130,5
27133,6
27136,7
27139,9
27140,2
27142,3
27143,6
27145,4
27146,4
27148,2
27149,5
27152,8
27155,8
27156,2
27158,6
27159,4
27161,2
27162,4
27165,7
27168,9
27171,11
27174,4
27175,4
27177,4
27178,5
27180,1
27181,7
27184,9
27187,6
27188,4
27190,9
27191,4
27193,4
27194,6
27196,1
27197,6
27200,4
27203,9
27206,2
27207,2
27209,3
27210,4
27212,2
27213,7
27216,9
27219,4
27220,1
27222,5
27223,1
27225,1
27226,10
27228,2
27229,5
27232,14
27235,11
27236,1
27238,2
27241,5
27242,6
27244,2
27245,8
27248,6
27251,9
27252,3
27254,5
27255,2
27257,5
27258,4
27260,3
27261,8
27264,14
27267,3
27268,2
27270,7
27271,4
27273,3
27274,4
27276,2
27277,8
27280,6
27283,6
27284,3
27286,6
27287,5
27289,4
27290,3
27292,1
27293,6
27296,7
27299,6
27300,1
27302,5
27303,2
27305,3
27306,7
27308,2
27309,10
27312,12
27315,6
27316,2
27318,3
27319,3
27321,1
27322,6
27324,3
27325,10
27328,10
27331,1
27332,2
27334,7
27335,2
27337,4
27338,3
27340,2
27341,2
27344,8
27347,5
27348,1
27350,4
27351,4
27353,4
27354,3
27356,2
27357,5
27360,9
27363,7
27366,8
27367,4
27369,4
27370,6
27372,2
27373,4
27376,9
27379,7
27380,1
27382,1
27383,3
27385,1
27386,1
27388,1
27389,4
27392,8
27395,4
27396,2
27398,4
27399,2
27401,5
27402,2
27405,8
27408,8
27411,6
27414,4
27415,2
27417,1
27418,2
27421,4
27424,3
27427,6
27428,1
27430,3
27431,2
27433,5
27434,8
27436,1
27437,7
27440,9
27443,4
27444,2
27447,7
27449,4
27450,1
27452,1
27453,7
27456,9
27459,5
27460,2
27462,1
27463,3
27465,3
27466,7
27468,1
27469,5
27472,7
27475,9
27476,2
27478,2
27479,3
27481,5
27482,3
27484,1
27485,8
27488,5
27491,8
27494,6
27495,4
27497,5
27498,3
27500,1
27501,6
27504,7
27507,15
27511,2
27513,3
27514,3
27516,4
27517,3
27520,6
27523,10
27526,3
27527,3
27529,1
27530,4
27532,2
27533,3
27536,8
27539,4
27540,1
27542,4
27543,2
27545,5
27546,1
27549,10
27552,11
27555,5
27556,2
27558,1
27559,4
27561,5
27562,8
27564,1
27565,6
27568,6
27571,9
27572,3
27574,5
27575,1
27577,2
27578,4
27580,2
27581,5
27584,3
27587,10
27590,1
27591,2
27593,1
27594,3
27596,3
27597,4
27600,7
27603,3
27604,1
27606,3
27607,1
27609,3
27610,3
27612,1
27613,8
27616,6
27619,2
27620,1
27622,5
27623,1
27625,4
27626,5
27628,2
27629,3
27632,4
27635,3
27638,1
27641,2
27642,4
27644,1
27645,5
27648,3
27651,2
27652,2
27654,3
27655,1
27658,1
27660,2
27661,4
27664,5
27667,6
27668,1
27670,6
27671,3
27673,5
27674,5
27676,1
27677,3
27680,5
27683,5
27684,1
27686,7
27687,1
27689,1
27690,5
27693,3
27696,8
27699,4
27702,1
27703,1
27705,3
27706,5
27708,1
27709,5
27712,9
27715,6
27716,1
27718,3
27721,3
27722,6
27724,1
27725,7
27728,5
27731,2
27732,2
27734,5
27735,3
27737,2
27738,4
27740,2
27741,8
27744,6
27747,4
27748,1
27750,6
27751,1
27753,2
27754,4
27757,3
27760,6
27763,5
27764,1
27766,5
27767,1
27769,1
27770,2
27772,1
27773,2
27776,3
27779,7
27780,2
27782,3
27783,2
27785,2
27786,3
27788,2
27789,4
27792,4
27795,5
27796,2
27798,8
27801,2
27802,4
27805,5
27808,4
27811,4
27812,1
27815,2
27817,2
27818,2
27820,1
27821,4
27824,5
27827,3
27828,1
27830,5
27831,2
27833,3
27834,1
27837,3
27840,3
27843,4
27846,1
27849,2
27850,3
27852,2
27853,4
27856,3
27860,1
27862,2
27863,2
27865,2
27866,2
27868,1
27869,4
27872,1
27875,5
27878,2
27879,1
27881,5
27882,5
27884,2
27885,3
27888,5
27891,2
27894,5
27895,3
27897,3
27898,4
27900,1
27901,5
27904,3
27907,1
27908,2
27910,2
27911,3
27913,3
27914,2
27917,2
27920,5
27923,2
27926,2
27927,2
27929,1
27930,2
27932,2
27933,1
27936,3
27939,2
27940,2
27942,1
27943,2
27945,1
27946,4
27949,2
27952,1
27955,1
27958,6
27962,4
27964,2
27965,2
27968,2
27971,2
27974,2
27975,4
27977,2
27978,5
27980,1
27981,2
27984,5
27987,3
27990,5
27993,1
27994,5
27996,1
27997,4
28000,3
28003,6
28006,5
28007,2
28009,1
28010,2
28012,3
28013,2
28016,5
28019,1
28022,5
28023,5
28025,1
28026,2
28028,1
28029,4
28032,6
28035,5
28038,3
28039,4
28042,1
28044,1
28045,4
28048,7
28051,4
28052,2
28054,3
28055,3
28057,1
28058,2
28060,1
28061,2
28064,2
28067,1
28068,3
28070,2
28071,2
28073,1
28074,1
28076,3
28077,3
28080,1
28083,2
28086,2
28087,1
28090,1
28093,6
28096,3
28099,5
28100,2
28102,1
28103,2
28106,3
28108,1
28109,2
28112,6
28115,2
28118,4
28121,1
28124,2
28128,7
28131,2
28132,2
28134,4
28135,3
28138,4
28140,1
28141,2
28144,5
28148,2
28150,3
28154,3
28157,6
28160,1
28163,5
28164,1
28166,3
28167,3
28169,3
28170,4
28173,2
28176,2
28179,6
28182,3
28183,3
28185,1
28186,3
28189,3
28192,8
28195,5
28196,2
28198,2
28199,2
28201,1
28202,1
28204,1
28205,3
28208,4
28211,2
28212,1
28214,4
28215,2
28217,2
28218,2
28220,2
28221,3
28224,5
28227,3
28228,1
28230,3
28231,3
28233,1
28234,3
28236,2
28237,2
28240,3
28243,2
28246,5
28247,3
28249,1
28250,3
28252,1
28253,3
28256,6
28259,4
28262,2
28263,4
28265,2
28266,1
28269,2
28272,4
28275,6
28276,1
28278,3
28279,1
28281,2
28282,1
28284,1
28285,3
28291,2
28292,1
28294,1
28297,3
28298,3
28301,5
28304,3
28307,3
28308,1
28310,1
28311,4
28314,5
28316,1
28317,2
28320,1
28323,2
28327,2
28329,2
28330,5
28332,1
28333,3
28336,1
28339,3
28342,5
28343,3
28345,3
28346,1
28348,1
28349,3
28352,5
28355,3
28356,1
28358,3
28359,1
28361,3
28362,5
28365,1
28368,4
28372,1
28374,1
28375,1
28377,2
28378,2
28381,2
28384,8
28387,3
28390,1
28391,4
28394,1
28397,5
28400,2
28403,6
28404,1
28406,2
28407,4
28409,1
28410,3
28413,2
28416,1
28419,2
28422,2
28425,2
28426,2
28429,1
28432,3
28435,2
28436,1
28438,3
28439,1
28442,3
28444,2
28445,3
28448,2
28451,3
28452,1
28454,2
28455,2
28458,3
28460,1
28461,5
28464,6
28467,1
28468,1
28471,2
28474,2
28476,1
28477,3
28480,1
28483,3
28486,4
28487,2
28489,1
28490,1
28492,1
28493,2
28496,1
28499,3
28502,5
28503,1
28505,1
28506,2
28508,1
28509,3
28515,2
28516,2
28519,1
28521,2
28522,1
28525,1
28528,2
28531,2
28532,3
28534,1
28535,3
28537,1
28538,1
28544,1
28547,2
28548,2
28550,3
28551,2
28553,1
28554,1
28556,1
28557,4
28560,2
28563,1
28566,5
28567,3
28570,5
28572,1
28573,2
28576,6
28579,4
28580,3
28582,3
28585,5
28586,4
28588,1
28589,4
28592,1
28595,2
28598,3
28601,1
28605,5
28608,7
28611,2
28614,4
28618,3
28621,3
28624,5
28627,2
28628,2
28630,2
28631,4
28634,1
28636,1
28637,2
28640,1
28643,4
28646,2
28647,2
28649,1
28650,3
28653,3
28656,3
28659,2
28662,2
28663,2
28665,1
28669,3
28672,1
28675,2
28678,1
28681,1
28682,1
28685,4
28688,1
28691,3
28697,1
28698,4
28700,1
28701,1
28704,5
28707,3
28710,4
28713,2
28714,1
28716,1
28717,3
28720,4
28723,1
28726,2
28727,2
28729,2
28730,1
28733,3
28736,1
28742,1
28745,2
28746,4
28749,3
28752,1
28755,3
28756,2
28759,1
28761,1
28762,4
28764,1
28765,2
28768,2
28771,4
28775,1
28778,1
28780,3
28781,7
28784,2
28787,4
28788,1
28790,1
28793,2
28794,2
28796,1
28797,1
28800,1
28803,2
28806,1
28807,1
28809,3
28810,2
28813,4
28819,3
28820,2
28822,3
28823,1
28825,1
28826,2
28828,2
28829,3
28832,2
28838,2
28841,2
28842,4
28844,1
28845,3
28848,1
28851,1
28854,1
28855,1
28858,2
28860,1
28861,2
28864,3
28867,8
28874,2
28876,2
28877,1
28883,6
28884,1
28886,2
28887,1
28889,1
28890,3
28893,1
28896,2
28899,1
28900,2
28903,4
28905,2
28906,1
28909,3
28912,3
28915,3
28918,5
28919,2
28924,1
28925,5
28928,3
28931,4
28932,1
28934,3
28935,1
28940,1
28941,1
28944,5
28948,1
28950,1
28951,2
28953,2
28954,2
28957,3
28960,3
28964,2
28966,1
28969,1
28970,2
28972,1
28973,1
28976,3
28980,1
28982,1
28983,1
28985,1
28986,2
28988,1
28989,4
28992,6
28995,3
28999,1
29001,1
29002,1
29004,1
29005,1
29008,2
29011,1
29018,2
29020,1
29021,1
29024,2
29027,2
29030,4
29033,1
29034,1
29037,3
29040,5
29043,1
29044,1
29046,2
29047,1
29049,3
29050,1
29052,1
29053,1
29056,1
29059,3
29060,1
29062,3
29063,2
29065,1
29066,2
29068,2
29069,2
29072,1
29075,3
29076,1
29078,2
29081,2
29082,4
29085,3
29088,3
29091,1
29094,2
29095,2
29097,1
29098,4
29101,1
29104,3
29107,6
29108,3
29110,2
29113,1
29117,4
29120,7
29123,4
29126,6
29127,2
29130,1
29132,2
29133,3
29136,3
29139,3
29142,1
29143,1
29145,1
29146,1
29149,1
29152,1
29155,2
29158,1
29161,2
29165,5
29168,3
29171,3
29172,1
29174,1
29175,3
29177,1
29178,1
29181,5
29184,6
29187,2
29190,3
29191,1
29193,1
29194,1
29197,1
29200,3
29203,2
29204,1
29206,3
29207,2
29213,7
29216,1
29219,2
29222,1
29223,1
29226,3
29228,2
29229,1
29232,4
29239,1
29242,1
29245,4
29248,1
29252,1
29254,1
29255,1
29257,2
29258,2
29260,1
29261,6
29264,1
29267,1
29268,1
29270,2
29273,1
29274,1
29277,2
29280,5
29283,1
29284,1
29286,1
29287,3
29289,2
29290,1
29292,2
29293,2
29296,1
29299,3
29302,4
29303,1
29308,1
29309,3
29312,1
29315,2
29318,2
29319,2
29321,1
29325,1
29328,2
29331,4
29334,2
29335,1
29338,1
29341,2
29344,2
29347,4
29350,1
29351,1
29354,2
29356,1
29357,3
29360,2
29363,1
29364,1
29366,2
29369,1
29370,3
29372,1
29373,3
29376,2
29379,3
29380,1
29382,2
29383,1
29386,2
29388,1
29389,6
29392,1
29395,3
29396,1
29398,1
29401,1
29402,1
29405,5
29408,5
29411,3
29414,1
29415,1
29417,1
29418,4
29421,1
29424,5
29427,1
29430,2
29433,2
29434,1
29437,2
29440,4
29443,3
29446,2
29447,2
29449,2
29450,1
29453,1
29456,5
29459,2
29462,5
29463,2
29466,1
29468,1
29469,1
29472,5
29475,4
29476,1
29478,2
29479,2
29482,3
29485,4
29491,3
29492,1
29494,1
29497,1
29498,2
29500,1
29501,2
29504,3
29507,2
29510,2
29514,3
29517,1
29520,2
29523,4
29529,2
29530,2
29532,1
29533,2
29536,1
29539,2
29542,1
29545,1
29546,4
29549,1
29552,2
29555,2
29561,1
29562,1
29565,2
29568,2
29571,1
29572,1
29574,2
29575,2
29580,2
29581,2
29584,1
29587,1
29590,3
29591,1
29593,1
29594,1
29596,1
29597,2
29600,5
29603,2
29604,2
29606,2
29609,2
29610,4
29613,4
29616,1
29619,1
29622,2
29625,1
29626,2
29628,1
29629,2
29632,4
29635,1
29639,2
29642,2
29648,2
29651,2
29654,1
29655,1
29657,2
29658,1
29660,1
29664,5
29667,2
29673,1
29676,1
29680,3
29683,3
29684,1
29686,1
29689,1
29690,1
29693,3
29699,4
29702,4
29705,1
29709,1
29712,1
29715,1
29716,1
29718,2
29719,1
29721,2
29722,1
29725,2
29728,3
29731,3
29732,1
29734,3
29737,1
29741,1
29744,3
29747,1
29748,1
29750,2
29753,3
29757,2
29763,4
29764,1
29766,1
29767,2
29769,1
29773,3
29776,3
29779,3
29780,3
29782,2
29783,1
29785,1
29789,2
29792,2
29795,1
29798,1
29799,1
29801,1
29802,1
29804,1
29805,1
29808,1
29811,2
29817,1
29818,2
29820,1
29821,1
29824,1
29827,1
29831,2
29837,1
29843,1
29844,1
29847,1
29852,1
29853,4
29856,2
29859,2
29860,1
29862,1
29865,1
29866,1
29868,1
29869,1
29872,3
29875,1
29878,3
29879,1
29881,3
29882,3
29885,2
29888,2
29891,3
29894,2
29895,2
29900,2
29904,1
29907,1
29913,1
29914,1
29916,1
29917,3
29920,3
29923,2
29926,1
29927,1
29933,1
29936,4
29939,1
29942,1
29943,1
29946,2
29948,2
29949,1
29952,1
29958,2
29959,1
29961,1
29962,1
29971,5
29974,1
29977,2
29980,1
29981,3
29984,1
29987,2
29988,1
29991,1
29994,2
29997,1
30000,2
30003,3
30004,1
30006,1
30009,1
30010,1
30012,1
30013,5
30016,3
30022,2
30025,3
30026,3
30029,1
30032,2
30035,1
30042,1
30051,2
30054,1
30057,2
30058,2
30061,3
30064,2
30067,2
30068,2
30071,1
30073,1
30074,2
30077,1
30080,5
30084,1
30089,1
30090,1
30092,1
30093,2
30099,1
30100,1
30102,2
30105,2
30108,2
30109,2
30115,2
30116,2
30121,1
30125,2
30128,2
30132,1
30141,3
30144,6
30147,2
30148,1
30153,2
30154,3
30156,1
30157,1
30160,3
30166,4
30169,2
30170,2
30173,1
30176,2
30179,1
30180,1
30182,2
30186,1
30188,2
30189,2
30192,1
30195,1
30196,1
30198,1
30199,1
30202,1
30204,1
30211,1
30221,4
30224,4
30227,1
30230,2
30231,1
30237,1
30240,2
30243,2
30246,1
30247,2
30256,3
30259,2
30262,1
30263,1
30265,1
30266,2
30268,2
30275,2
30282,3
30285,3
30288,2
30291,3
30294,3
30297,1
30301,2
30304,2
30307,2
30310,2
30313,2
30314,1
30320,2
30326,2
30327,1
30330,1
30336,4
30339,1
30343,2
30346,1
30349,1
30352,3
30355,1
30358,1
30368,3
30371,3
30374,2
30378,3
30384,3
30388,1
30390,3
30391,1
30393,1
30397,2
30400,3
30403,1
30404,1
30410,1
30413,2
30416,3
30420,2
30423,1
30426,1
30428,1
30429,1
30432,5
30442,1
30445,1
30448,4
30452,1
30457,2
30458,1
30461,3
30464,2
30467,1
30470,3
30474,2
30480,5
30483,2
30490,1
30492,1
30493,2
30496,1
30500,1
30509,1
30512,2
30519,1
30522,1
30528,1
30531,2
30532,1
30534,1
30537,1
30538,3
30541,2
30544,1
30550,1
30553,1
30554,2
30556,1
30557,1
30560,3
30563,1
30564,1
30566,2
30567,2
30569,1
30570,2
30576,1
30579,2
30582,1
30592,1
30595,2
30596,1
30598,1
30605,1
30611,2
30614,1
30617,1
30618,2
30620,3
30621,3
30624,1
30627,1
30630,1
30633,1
30634,1
30636,1
30637,3
30640,1
30643,2
30647,1
30650,1
30656,4
30659,1
30663,1
30665,2
30666,1
30668,1
30669,1
30672,3
30675,1
30676,1
30678,2
30681,2
30682,3
30684,1
30688,3
30692,1
30694,3
30695,2
30698,1
30700,1
30701,1
30704,1
30707,2
30710,2
30711,3
30714,1
30717,3
30720,2
30723,1
30726,1
30733,2
30736,2
30743,2
30745,1
30746,1
30749,3
30752,2
30755,1
30759,1
30762,2
30764,1
30765,2
30768,1
30771,3
30774,1
30777,1
30778,1
30787,2
30791,1
30794,1
30796,1
30797,1
30800,2
30803,3
30804,1
30806,2
30807,1
30813,1
30819,2
30822,1
30828,1
30829,2
30832,1
30838,2
30839,1
30842,1
30844,1
30845,2
30848,1
30851,2
30854,3
30864,5
30867,3
30868,1
30871,3
30873,2
30880,1
30884,1
30886,2
30890,1
30893,2
30906,1
30909,1
30912,2
30915,2
30918,2
30922,1
30924,1
30928,2
30931,1
30937,1
30941,1
30944,2
30947,2
30950,3
30953,1
30954,2
30957,2
30960,1
30963,1
30966,1
30970,1
30972,1
30973,1
30976,2
30979,3
30980,1
30982,2
30985,1
30986,1
30989,1
30992,4
30995,2
30998,3
30999,1
31002,1
31008,3
31011,1
31012,1
31015,2
31017,2
31021,1
31027,1
31031,1
31033,1
31034,1
31049,1
31050,1
31053,1
31059,2
31060,1
31062,2
31066,4
31069,1
31072,2
31075,1
31078,1
31081,1
31088,1
31091,2
31092,1
31097,1
31098,1
31100,1
31111,2
31114,2
31123,3
31126,1
31127,2
31130,3
31133,2
31136,2
31142,1
31143,1
31146,1
31149,2
31152,1
31155,2
31158,2
31159,1
31165,2
31174,1
31178,1
31180,1
31181,1
31187,2
31193,2
31197,2
31200,1
31207,2
31210,1
31213,3
31216,2
31225,1
31226,1
31228,2
31229,2
31232,2
31235,2
31238,2
31242,1
31245,2
31248,5
31251,1
31254,1
31255,1
31258,1
31261,2
31264,2
31267,4
31270,1
31274,1
31277,1
31283,1
31284,1
31286,3
31292,1
31293,2
31296,4
31299,1
31302,1
31303,1
31305,1
31306,1
31309,3
31312,4
31315,1
31318,1
31321,1
31328,4
31331,2
31337,1
31338,1
31341,2
31344,2
31347,1
31350,2
31351,1
31354,1
31356,1
31357,2
31360,1
31372,1
31373,4
31376,2
31379,3
31382,1
31389,2
31392,3
31395,1
31398,2
31399,2
31404,1
31405,4
31408,1
31411,2
31414,2
31418,1
31420,1
31421,1
31424,1
31427,5
31430,1
31434,2
31440,2
31443,2
31447,1
31449,1
31450,2
31453,1
31456,1
31459,2
31462,1
31466,2
31468,1
31469,1
31472,5
31475,3
31478,2
31481,2
31482,1
31484,1
31485,3
31488,1
31491,2
31494,1
31500,1
31504,4
31507,1
31510,1
31511,1
31513,1
31517,1
31520,1
31526,1
31527,1
31529,1
31530,2
31533,1
31536,2
31542,1
31543,1
31546,4
31549,1
31552,2
31555,2
31556,1
31558,1
31562,2
31565,1
31568,1
31571,2
31577,1
31578,1
31581,2
31584,2
31587,3
31591,2
31594,1
31596,1
31597,1
31603,2
31604,1
31606,1
31609,2
31610,1
31626,1
31629,1
31632,2
31636,1
31638,1
31641,1
31642,4
31644,1
31645,2
31648,2
31651,2
31654,1
31658,2
31661,4
31664,1
31667,1
31670,1
31673,1
31676,1
31677,2
31680,2
31689,1
31690,1
31693,4
31696,3
31699,2
31700,1
31703,3
31706,2
31712,1
31715,4
31722,1
31725,2
31728,2
31731,1
31737,2
31740,1
31741,2
31744,4
31747,2
31748,1
31751,2
31754,1
31756,1
31757,1
31760,3
31763,1
31773,1
31779,1
31786,2
31788,1
31789,1
31792,2
31795,1
31796,1
31798,4
31799,1
31801,1
31802,2
31804,1
31805,1
31808,3
31812,1
31818,4
31827,2
31828,1
31830,1
31834,1
31837,2
31840,3
31843,1
31844,2
31847,1
31849,1
31853,3
31859,2
31862,1
31863,1
31865,1
31866,2
31869,1
31872,1
31875,1
31878,1
31881,1
31882,1
31885,3
31888,6
31891,5
31895,3
31897,1
31898,5
31900,1
31901,2
31904,2
31907,2
31914,1
31917,3
31923,1
31926,1
31927,1
31932,2
31936,2
31940,1
31942,1
31945,1
31946,3
31948,1
31949,1
31952,2
31955,2
31958,1
31959,2
31961,4
31965,1
31968,3
31971,3
31972,1
31974,3
31975,1
31978,1
31981,3
31984,3
31987,4
31991,1
31993,1
31994,2
31997,1
32000,1
32003,2
32004,1
32006,1
32009,3
32012,1
32013,3
32016,3
32019,1
32023,3
32025,1
32026,3
32028,1
32029,1
32032,1
32035,1
32039,1
32041,3
32042,1
32045,4
32051,1
32052,1
32054,2
32055,1
32060,1
32061,2
32064,2
32070,2
32071,3
32073,2
32074,2
32077,3
32080,4
32083,3
32086,1
32087,3
32089,1
32090,1
32093,1
32096,4
32099,4
32100,1
32105,2
32108,1
32109,1
32112,5
32115,2
32118,4
32121,1
32122,3
32124,1
32128,1
32131,3
32132,2
32134,1
32138,1
32141,1
32144,1
32147,1
32148,1
32150,3
32154,3
32156,1
32157,1
32160,2
32163,3
32166,3
32167,1
32169,1
32170,2
32173,1
32176,4
32182,1
32183,1
32185,2
32186,3
32189,2
32192,1
32195,3
32198,2
32201,1
32202,2
32205,2
32208,3
32214,2
32215,1
32217,1
32218,1
32221,2
32224,1
32227,1
32230,4
32233,1
32234,2
32237,3
32240,2
32243,3
32244,1
32246,1
32247,1
32252,1
32253,2
32256,2
32259,5
32262,4
32263,2
32266,3
32268,1
32269,3
32272,2
32275,5
32276,1
32279,1
32281,4
32282,2
32291,2
32292,2
32295,1
32298,3
32301,3
32304,6
32307,2
32308,1
32310,1
32313,1
32314,1
32320,1
32323,4
32324,1
32326,1
32330,1
32332,1
32333,1
32336,2
32339,3
32340,1
32342,1
32343,3
32345,2
32346,3
32349,3
32352,1
32355,3
32356,1
32359,1
32361,1
32362,1
32364,1
32365,1
32368,5
32371,1
32372,1
32374,1
32375,2
32377,2
32378,4
32381,1
32384,6
32387,2
32390,2
32393,1
32394,2
32397,4
32400,2
32403,2
32406,1
32407,1
32409,1
32410,2
32412,2
32413,1
32416,1
32420,1
32422,2
32426,2
32428,2
32429,2
32432,1
32435,2
32438,1
32439,3
32442,4
32445,1
32448,1
32451,1
32454,1
32457,2
32461,5
32464,4
32467,3
32468,3
32470,2
32471,1
32473,2
32474,3
32477,1
32480,2
32483,3
32486,2
32489,1
32490,2
32493,5
32496,2
32499,2
32505,2
32508,2
32509,1
32512,2
32515,2
32518,1
32519,1
32521,1
32522,2
32524,1
32525,3
32528,2
32531,3
32532,2
32534,3
32535,2
32537,1
32538,1
32541,3
32544,2
32547,3
32550,3
32553,2
32554,2
32557,2
32560,1
32563,4
32564,1
32567,1
32569,2
32570,1
32573,1
32576,1
32579,3
32582,3
32583,1
32585,1
32586,1
32589,3
32592,4
32595,1
32598,1
32601,1
32602,5
32604,1
32605,8
32608,3
32612,1
32614,2
32617,2
32621,1
32624,3
32630,3
32633,1
32634,1
32637,2
32640,3
32643,4
32646,2
32649,2
32650,1
32656,3
32659,5
32660,1
32662,1
32669,6
32672,3
32678,1
32682,2
32684,2
32685,5
32688,4
32691,1
32694,6
32695,3
32698,2
32700,2
32701,1
32704,3
32707,5
32708,1
32711,1
32713,2
32714,2
32716,1
32717,3
32720,4
32723,4
32726,3
32727,2
32729,2
32730,2
32733,2
32736,4
32740,1
32742,1
32743,2
32746,1
32748,3
32749,1
32752,2
32755,4
32758,2
32762,1
32764,1
32765,5
32768,3
32771,2
32772,1
32774,2
32775,1
32777,1
32778,1
32780,1
32781,3
32787,3
32788,2
32790,1
32791,1
32794,5
32796,1
32800,2
32803,2
32806,2
32807,1
32812,2
32813,1
32816,2
32822,2
32825,3
32826,3
32829,4
32832,4
32835,4
32839,1
32841,1
32842,1
32848,1
32851,4
32854,1
32855,3
32857,1
32861,3
32864,3
32867,3
32870,1
32871,3
32874,3
32880,2
32883,4
32886,4
32887,1
32889,1
32890,2
32893,3
32896,1
32899,1
32900,1
32903,1
32905,2
32906,2
32908,1
32912,2
32915,4
32916,2
32919,1
32921,1
32922,1
32925,1
32928,1
32931,5
32934,1
32937,1
32938,1
32940,2
32944,1
32947,2
32950,2
32951,1
32953,1
32956,2
32957,1
32960,3
32963,1
32966,2
32967,3
32969,1
32970,1
32972,1
32973,7
32976,5
32979,3
32980,3
32982,4
32983,3
32985,1
32988,2
32992,7
32995,1
32998,3
32999,1
33002,1
33005,1
33008,1
33011,5
33015,2
33017,1
33018,4
33020,2
33021,2
33024,3
33027,1
33028,2
33030,3
33033,2
33034,2
33037,3
33040,7
33044,2
33046,1
33049,1
33050,1
33052,4
33053,1
33056,1
33059,1
33063,1
33065,1
33068,2
33069,1
33072,4
33075,3
33076,2
33078,1
33079,4
33081,4
33082,3
33088,5
33091,1
33094,2
33095,1
33098,2
33100,1
33104,6
33107,4
33110,3
33113,1
33114,2
33117,6
33123,1
33124,2
33127,1
33129,1
33130,2
33132,1
33133,2
33136,3
33139,3
33142,5
33143,2
33145,4
33146,2
33152,5
33155,3
33156,1
33158,2
33159,2
33161,1
33162,3
33164,2
33165,4
33168,7
33174,2
33177,1
33178,5
33181,4
33184,5
33187,6
33190,2
33191,2
33193,2
33196,2
33197,2
33200,3
33203,3
33204,1
33206,1
33207,1
33209,1
33210,1
33212,1
33213,2
33216,5
33219,3
33222,2
33223,1
33225,1
33226,1
33228,1
33229,5
33232,2
33235,4
33238,3
33239,1
33245,1
33248,5
33251,4
33254,2
33255,1
33257,1
33258,1
33260,1
33264,5
33267,3
33270,1
33271,1
33273,1
33274,1
33277,2
33280,6
33283,3
33286,4
33287,1
33289,1
33290,3
33293,3
33296,3
33299,1
33302,1
33303,1
33306,7
33308,1
33309,1
33312,4
33315,3
33318,2
33319,1
33322,1
33325,3
33328,5
33331,3
33335,2
33337,3
33338,2
33340,1
33341,1
33344,1
33347,5
33348,1
33350,2
33351,2
33353,3
33354,4
33356,2
33357,2
33360,2
33363,4
33366,1
33367,1
33369,2
33370,2
33372,1
33373,1
33376,4
33379,3
33382,1
33383,2
33385,4
33386,2
33388,1
33389,2
33392,4
33395,1
33396,2
33398,1
33399,4
33401,1
33402,4
33405,2
33408,3
33411,4
33412,2
33414,2
33417,1
33418,2
33420,2
33421,5
33424,3
33427,4
33430,6
33433,3
33434,2
33437,4
33440,3
33443,2
33444,1
33446,2
33447,2
33449,1
33450,1
33456,5
33459,3
33460,1
33462,6
33463,1
33465,1
33466,4
33469,3
33472,4
33475,6
33478,3
33479,2
33481,2
33482,2
33485,7
33488,4
33491,4
33492,1
33494,2
33500,1
33501,3
33504,4
33507,1
33508,1
33511,1
33513,1
33514,5
33516,1
33517,2
33520,8
33523,4
33524,2
33526,4
33529,1
33530,1
33533,6
33536,3
33539,4
33540,1
33542,4
33543,1
33546,2
33548,1
33549,2
33552,3
33555,5
33556,1
33558,3
33559,1
33561,2
33562,2
33564,3
33565,1
33568,3
33571,3
33572,1
33577,1
33578,2
33581,2
33584,3
33587,3
33590,4
33591,2
33593,1
33594,1
33597,3
33600,2
33603,4
33606,3
33607,2
33609,2
33610,1
33612,2
33613,2
33616,2
33619,1
33622,3
33623,1
33625,2
33632,3
33635,4
33638,2
33641,1
33642,2
33644,2
33645,2
33648,3
33651,2
33654,2
33655,5
33657,1
33658,1
33660,2
33661,2
33664,2
33667,4
33670,3
33671,1
33673,1
33674,1
33676,1
33677,2
33680,5
33683,3
33684,1
33686,5
33687,3
33690,3
33693,3
33696,1
33699,6
33702,1
33705,2
33706,2
33708,1
33709,5
33712,5
33716,1
33718,4
33719,1
33721,5
33722,1
33724,1
33725,1
33728,3
33731,3
33734,4
33738,4
33740,1
33741,5
33744,3
33747,2
33750,2
33751,1
33753,5
33754,6
33756,1
33757,6
33760,3
33763,2
33766,1
33769,1
33770,2
33772,1
33773,4
33776,3
33779,3
33780,2
33782,1
33783,2
33785,1
33786,1
33789,2
33792,3
33795,3
33796,1
33798,2
33799,1
33801,1
33802,1
33804,2
33805,6
33808,2
33811,1
33814,2
33815,3
33817,2
33818,4
33821,2
33824,2
33827,1
33830,2
33833,2
33834,1
33837,2
33840,4
33843,2
33844,1
33846,1
33847,2
33849,1
33852,1
33853,1
33856,2
33859,2
33862,1
33863,1
33865,1
33866,1
33869,2
33872,1
33875,4
33876,1
33878,2
33881,1
33882,7
33885,7
33888,3
33891,2
33894,1
33895,1
33897,2
33898,2
33904,2
33907,4
33910,2
33913,1
33914,3
33917,1
33920,2
33923,1
33926,2
33927,2
33929,3
33930,1
33932,2
33933,5
33936,4
33939,5
33940,2
33942,2
33943,1
33946,1
33948,1
33949,2
33952,2
33955,4
33958,1
33961,3
33962,2
33964,1
33965,3
33968,2
33971,5
33974,3
33978,5
33981,8
33984,2
33987,4
33988,4
33993,1
33996,1
33997,4
34000,5
34003,7
34004,1
34006,2
34007,3
34009,1
34013,2
34016,3
34019,4
34022,3
34023,1
34026,5
34029,3
34032,2
34035,4
34038,2
34039,3
34041,3
34042,3
34044,2
34048,5
34051,8
34054,4
34057,1
34058,3
34060,1
34061,2
34064,4
34067,1
34068,2
34070,2
34074,4
34076,2
34077,4
34080,2
34083,2
34086,5
34087,5
34089,3
34090,2
34092,1
34093,4
34096,1
34099,2
34102,3
34103,1
34105,2
34106,1
34109,2
34112,5
34115,2
34116,1
34118,4
34122,1
34125,3
34128,3
34131,6
34134,3
34137,1
34138,5
34141,4
34144,3
34147,4
34148,2
34151,1
34154,1
34157,5
34160,4
34163,2
34164,1
34166,2
34169,3
34170,1
34173,5
34176,4
34179,3
34182,3
34183,1
34185,1
34186,2
34189,1
34192,6
34195,3
34198,2
34201,1
34202,2
34204,2
34205,1
34208,1
34211,1
34214,1
34217,3
34218,2
34221,4
34224,2
34227,3
34230,2
34233,1
34237,1
34240,5
34243,3
34244,2
34246,3
34247,3
34249,2
34250,1
34252,1
34253,1
34256,1
34259,3
34260,1
34262,1
34266,2
34268,1
34269,2
34272,1
34275,1
34278,2
34279,3
34281,1
34284,2
34285,1
34288,2
34291,3
34294,1
34295,1
34301,3
34304,5
34307,5
34308,1
34310,2
34314,1
34317,3
34320,4
34324,1
34326,2
34327,2
34330,1
34333,3
34336,2
34339,1
34342,3
34343,2
34352,4
34355,1
34356,1
34358,1
34359,2
34362,3
34365,2
34368,6
34371,1
34372,1
34374,1
34375,1
34377,1
34378,3
34381,5
34384,1
34390,1
34391,1
34393,2
34394,4
34400,1
34403,4
34404,1
34409,1
34410,1
34412,2
34413,2
34416,3
34420,3
34422,2
34423,2
34425,1
34428,2
34429,1
34432,3
34436,1
34438,1
34439,1
34441,2
34444,1
34448,2
34451,2
34454,1
34457,1
34458,1
34460,2
34461,2
34464,3
34468,1
34473,3
34474,1
34476,1
34477,1
34480,4
34486,2
34487,2
34489,3
34492,1
34493,3
34496,3
34499,2
34500,3
34502,3
34505,1
34506,1
34509,3
34512,3
34515,3
34518,1
34521,1
34525,3
34528,1
34531,1
34534,1
34535,1
34538,1
34540,1
34541,2
34544,1
34547,3
34550,1
34553,1
34554,3
34556,1
34560,1
34564,1
34566,1
34567,1
34569,1
34573,1
34576,1
34579,4
34582,2
34583,3
34586,2
34589,1
34595,2
34598,1
34601,2
34602,1
34605,1
34608,4
34611,3
34612,1
34614,2
34618,1
34620,1
34621,1
34624,3
34627,2
34630,1
34631,2
34634,2
34640,3
34643,5
34647,1
34649,1
34653,1
34656,3
34659,1
34660,1
34662,1
34663,4
34666,6
34668,1
34669,2
34672,3
34675,1
34678,1
34682,2
34685,1
34688,2
34691,2
34695,2
34698,1
34700,1
34701,1
34707,1
34714,3
34717,2
34720,2
34723,3
34726,1
34727,1
34729,1
34730,1
34733,1
34736,1
34739,1
34740,1
34746,1
34752,2
34755,1
34756,1
34758,1
34759,1
34761,1
34762,1
34765,1
34768,2
34771,2
34772,1
34774,3
34778,2
34781,1
34784,4
34787,2
34788,1
34790,1
34791,1
34800,4
34803,1
34807,3
34810,1
34813,2
34816,2
34819,2
34822,5
34823,3
34826,1
34828,1
34829,1
34832,6
34835,2
34839,1
34841,1
34842,5
34844,1
34845,5
34848,6
34852,1
34854,1
34855,2
34861,2
34864,1
34867,1
34870,2
34871,1
34873,4
34874,5
34876,1
34877,5
34880,6
34883,2
34887,2
34889,1
34890,2
34893,4
34896,5
34899,4
34900,2
34902,4
34903,2
34905,2
34906,3
34908,2
34909,4
34912,5
34915,2
34918,4
34919,2
34921,3
34922,4
34924,1
34925,2
34928,5
34931,4
34934,4
34935,2
34937,5
34938,3
34941,4
34944,6
34947,5
34948,3
34950,1
34951,4
34953,1
34954,2
34956,1
34957,6
34960,3
34963,3
34964,1
34966,1
34969,2
34970,2
34972,1
34973,2
34976,7
34979,7
34980,1
34982,2
34983,5
34986,4
34988,1
34989,5
34992,8
34995,3
34996,1
34998,3
34999,5
35001,2
35002,3
35004,1
35005,5
35008,10
35011,5
35012,1
35014,5
35015,3
35017,2
35021,7
35024,9
35027,4
35028,1
35030,5
35031,3
35033,2
35034,6
35037,7
35040,5
35043,12
35044,2
35046,1
35047,5
35049,1
35050,9
35052,1
35053,9
35056,12
35059,5
35060,2
35062,4
35063,5
35065,1
35066,2
35068,2
35069,4
35072,11
35075,6
35076,1
35078,5
35081,2
35082,4
35085,8
35088,3
35091,2
35092,2
35095,5
35097,3
35098,4
35100,3
35101,7
35104,4
35107,10
35110,1
35111,2
35113,3
35114,4
35116,2
35117,8
35120,11
35123,7
35124,1
35126,9
35127,1
35129,1
35130,4
35133,3
35136,9
35139,6
35140,1
35142,5
35143,2
35145,5
35146,2
35148,2
35149,4
35152,5
35155,8
35156,1
35158,1
35159,1
35161,1
35162,6
35165,6
35168,9
35171,6
35172,2
35174,4
35175,5
35177,5
35178,6
35180,1
35181,5
35184,6
35187,7
35188,3
35190,4
35191,5
35193,2
35194,4
35196,1
35197,2
35200,4
35203,4
35204,4
35206,4
35207,3
35209,1
35210,2
35213,9
35216,3
35219,10
35220,1
35222,2
35223,2
35225,1
35226,3
35228,1
35229,9
35232,7
35235,4
35236,2
35238,2
35239,3
35241,1
35242,1
35244,1
35245,3
35248,4
35251,3
35254,1
35255,1
35257,1
35258,8
35260,4
35261,4
35264,6
35267,5
35270,2
35271,4
35273,2
35274,2
35276,1
35277,8
35280,8
35283,3
35284,1
35286,3
35287,3
35289,3
35290,5
35292,3
35293,6
35296,6
35299,4
35300,1
35302,1
35303,2
35305,7
35306,4
35309,6
35312,5
35315,9
35318,2
35321,3
35322,4
35325,4
35328,5
35331,4
35332,2
35334,3
35335,3
35337,2
35338,2
35341,4
35344,7
35347,4
35350,2
35351,1
35353,4
35354,5
35357,5
35360,7
35363,5
35364,1
35366,3
35367,2
35369,3
35370,6
35373,7
35376,3
35379,1
35380,2
35382,5
35383,4
35385,4
35386,3
35388,2
35389,3
35392,6
35395,4
35398,3
35401,5
35402,6
35405,5
35408,5
35411,5
35414,1
35415,1
35417,4
35418,5
35420,2
35421,4
35424,6
35427,10
35428,2
35430,2
35431,2
35433,4
35434,2
35437,4
35440,4
35443,7
35446,4
35447,2
35449,2
35450,4
35452,1
35453,3
35456,8
35459,4
35460,2
35462,2
35463,2
35465,3
35466,3
35469,6
35472,7
35475,4
35479,2
35481,7
35482,1
35484,1
35485,6
35488,3
35491,7
35492,3
35494,6
35495,3
35497,4
35498,2
35500,3
35501,3
35504,3
35507,3
35508,5
35510,3
35511,1
35513,2
35514,1
35517,6
35520,5
35523,2
35524,1
35526,5
35527,1
35529,3
35530,3
35532,2
35533,4
35536,6
35539,3
35540,1
35542,5
35546,2
35548,1
35549,6
35552,3
35555,3
35558,2
35559,1
35561,2
35562,4
35565,7
35568,2
35571,3
35572,1
35574,2
35577,3
35578,2
35580,1
35581,2
35584,8
35587,5
35588,1
35590,3
35591,2
35593,2
35594,3
35597,3
35600,3
35603,5
35604,2
35606,1
35609,4
35610,4
35612,2
35613,3
35616,5
35619,2
35620,2
35622,2
35623,4
35625,1
35626,4
35628,1
35629,2
35632,7
35635,4
35636,1
35638,1
35639,2
35641,1
35642,3
35644,1
35645,5
35648,4
35651,6
35654,3
35655,1
35657,1
35658,5
35661,3
35664,1
35667,9
35668,2
35670,1
35671,3
35673,1
35674,2
35676,2
35677,5
35680,3
35683,5
35686,2
35689,3
35690,2
35692,3
35693,2
35696,3
35699,2
35700,1
35702,5
35703,3
35705,1
35706,1
35709,4
35712,6
35715,8
35718,1
35721,5
35722,2
35724,2
35725,6
35728,4
35731,2
35734,6
35735,4
35737,1
35738,2
35740,1
35741,1
35744,2
35747,5
35748,1
35750,1
35751,3
35753,1
35754,4
35756,1
35757,6
35760,7
35763,3
35764,2
35766,3
35769,3
35770,7
35772,1
35773,3
35776,7
35779,2
35780,2
35782,6
35783,1
35785,2
35786,2
35789,5
35792,6
35795,3
35796,2
35798,1
35799,3
35801,1
35802,2
35804,2
35805,4
35808,9
35811,6
35814,1
35815,1
35817,2
35818,1
35821,4
35824,6
35827,7
35830,1
35831,1
35833,2
35834,2
35837,2
35840,5
35843,5
35844,2
35846,2
35847,5
35849,2
35850,7
35852,1
35853,5
35856,6
35859,2
35860,2
35862,2
35863,1
35865,2
35866,3
35869,7
35872,5
35875,1
35878,2
35879,1
35881,1
35882,4
35884,1
35885,2
35888,2
35891,2
35892,1
35895,3
35897,1
35900,1
35901,6
35904,1
35907,6
35908,1
35910,5
35911,2
35914,2
35916,2
35917,4
35920,2
35923,3
35926,2
35927,1
35929,5
35930,4
35933,5
35936,5
35939,4
35940,1
35942,1
35943,1
35946,1
35949,3
35952,5
35955,6
35958,6
35959,2
35961,7
35962,4
35964,1
35965,6
35968,8
35971,2
35972,3
35974,2
35975,3
35977,2
35978,4
35980,1
35981,4
35984,4
35987,5
35990,6
35993,1
35994,4
35996,3
35997,2
36000,4
36003,7
36004,1
36006,7
36007,3
36009,7
36010,2
36012,2
36013,5
36016,13
36019,2
36020,1
36022,3
36023,3
36025,2
36026,4
36028,1
36029,2
36032,8
36035,9
36036,4
36038,2
36039,2
36041,4
36042,4
36044,1
36045,2
36048,8
36051,5
36052,1
36054,2
36055,4
36057,3
36058,3
36060,1
36061,4
36064,5
36067,7
36068,2
36070,4
36071,3
36073,2
36074,3
36076,1
36077,7
36080,3
36083,6
36084,3
36086,4
36087,2
36089,5
36090,3
36093,6
36096,11
36099,7
36102,5
36103,4
36105,2
36106,4
36108,3
36109,5
36112,9
36115,10
36116,1
36118,10
36119,6
36121,2
36122,3
36124,1
36125,6
36128,12
36131,3
36132,2
36134,5
36135,1
36137,3
36138,3
36141,7
36144,2
36147,5
36148,1
36150,3
36151,5
36153,2
36154,4
36156,2
36157,12
36160,11
36163,10
36164,2
36166,5
36167,1
36169,3
36170,4
36172,3
36173,8
36176,6
36179,10
36182,3
36183,2
36185,3
36186,8
36188,2
36189,5
36192,10
36195,11
36198,5
36199,3
36201,5
36202,3
36204,4
36205,4
36208,8
36211,15
36212,4
36214,7
36215,2
36217,6
36218,4
36220,4
36221,16
36224,10
36228,4
36230,5
36231,1
36233,3
36234,6
36236,4
36237,11
36240,10
36243,7
36244,1
36246,6
36249,4
36250,11
36252,1
36253,6
36256,7
36259,12
36260,4
36262,5
36263,6
36265,4
36266,9
36268,2
36269,6
36272,15
36275,14
36276,5
36278,5
36279,1
36281,2
36282,5
36284,1
36285,9
36288,12
36291,6
36292,1
36294,4
36295,5
36297,3
36298,7
36300,1
36301,13
36304,15
36307,9
36308,1
36310,1
36311,7
36313,5
36314,9
36316,4
36317,9
36320,15
36323,13
36324,5
36326,10
36327,6
36329,7
36330,9
36332,3
36333,11
36336,18
36339,14
36342,8
36343,5
36345,4
36346,9
36348,2
36349,13
36352,14
36355,5
36356,4
36358,7
36359,7
36361,1
36362,4
36364,3
36365,5
36368,10
36371,13
36372,1
36374,3
36375,3
36377,10
36378,2
36380,2
36381,5
36384,9
36387,6
36388,3
36390,5
36391,5
36393,6
36394,8
36396,3
36397,13
36400,9
36403,9
36404,4
36406,10
36407,3
36409,2
36410,4
36412,2
36413,5
36416,10
36419,8
36420,1
36422,4
36423,3
36425,2
36426,5
36428,1
36429,6
36432,8
36435,15
36436,4
36438,7
36439,1
36441,2
36442,6
36444,1
36445,14
36448,11
36451,7
36452,5
36454,3
36455,3
36457,2
36458,4
36461,7
36464,12
36467,7
36468,3
36470,5
36471,3
36473,5
36474,3
36476,3
36477,12
36480,9
36483,8
36484,3
36486,4
36487,6
36489,4
36490,5
36492,3
36493,9
36496,7
36499,8
36500,3
36502,7
36503,4
36505,5
36506,6
36508,1
36509,14
36512,13
36515,8
36516,3
36518,10
36519,2
36521,5
36522,6
36524,3
36525,5
36528,8
36531,4
36532,1
36534,9
36535,3
36537,4
36538,12
36540,6
36541,12
36544,13
36547,12
36548,2
36550,9
36551,8
36553,8
36554,6
36556,3
36557,12
36560,18
36563,11
36564,4
36566,6
36567,4
36569,10
36570,9
36572,1
36573,11
36576,13
36579,10
36580,4
36582,10
36583,3
36585,6
36586,7
36588,4
36589,9
36592,7
36595,5
36596,5
36598,10
36599,8
36601,5
36602,4
36604,2
36605,7
36608,5
36611,4
36612,1
36614,5
36615,8
36617,3
36618,2
36620,3
36621,8
36624,13
36627,11
36628,3
36630,9
36631,6
36633,4
36634,7
36637,10
36640,13
36643,9
36644,2
36646,8
36647,6
36649,1
36650,4
36653,10
36656,11
36659,4
36660,3
36662,1
36663,3
36665,7
36666,5
36668,4
36669,4
36672,5
36675,8
36676,3
36678,5
36679,3
36681,3
36682,5
36684,4
36685,11
36688,13
36691,7
36692,2
36694,6
36695,4
36697,2
36698,7
36700,2
36701,8
36704,9
36707,5
36708,1
36710,4
36711,1
36713,1
36714,3
36716,2
36717,4
36720,9
36723,4
36724,3
36726,5
36727,3
36729,7
36730,5
36732,3
36733,11
36736,15
36739,5
36740,1
36742,9
36743,3
36745,4
36746,4
36748,2
36749,9
36752,10
36755,3
36756,1
36758,3
36761,3
36762,6
36764,1
36765,8
36768,8
36771,6
36774,8
36775,6
36777,3
36778,5
36780,1
36781,11
36784,8
36787,8
36788,2
36791,3
36793,3
36794,7
36796,2
36797,7
36800,8
36803,6
36804,2
36806,6
36807,7
36809,1
36810,11
36813,6
36816,10
36819,7
36820,1
36822,6
36823,3
36825,2
36826,8
36829,19
36832,9
36835,10
36836,3
36838,7
36839,9
36841,9
36842,5
36844,5
36845,9
36848,11
36851,15
36852,2
36854,9
36855,2
36857,2
36858,2
36861,9
36864,12
36867,7
36868,1
36870,4
36871,1
36873,4
36874,4
36876,1
36877,20
36880,13
36883,7
36886,6
36887,1
36889,3
36890,6
36892,1
36893,11
36896,11
36899,15
36900,3
36902,3
36903,7
36905,5
36906,7
36908,3
36909,8
36912,11
36915,10
36916,1
36918,5
36919,4
36921,4
36922,9
36924,2
36925,14
36928,23
36931,8
36935,2
36937,4
36938,6
36941,4
36944,14
36947,6
36948,1
36950,6
36951,5
36953,1
36954,7
36956,3
36957,7
36960,7
36963,4
36964,1
36966,7
36967,7
36969,7
36970,5
36972,6
36973,6
36976,11
36979,14
36980,5
36982,12
36983,8
36985,4
36986,6
36988,1
36989,10
36992,6
36995,12
36996,6
36998,3
36999,2
37001,2
37002,8
37005,13
37008,14
37011,8
37014,11
37015,8
37017,1
37018,4
37020,1
37021,7
37024,7
37027,9
37028,3
37030,4
37031,4
37033,7
37034,7
37036,1
37037,3
37040,8
37043,14
37044,2
37046,11
37047,2
37049,6
37050,7
37052,1
37053,10
37056,13
37059,12
37060,3
37062,9
37063,4
37065,2
37066,5
37068,4
37069,9
37072,11
37075,14
37076,1
37078,11
37079,6
37081,5
37082,8
37084,2
37085,11
37088,10
37091,13
37092,2
37094,3
37095,7
37097,7
37098,8
37100,4
37101,11
37104,11
37107,11
37108,3
37110,6
37111,9
37113,7
37114,5
37116,4
37117,4
37120,19
37123,20
37124,4
37126,11
37127,6
37129,4
37130,11
37132,4
37133,16
37136,11
37139,11
37140,2
37142,7
37143,5
37145,9
37146,10
37148,6
37149,14
37152,12
37155,13
37158,14
37159,2
37161,1
37162,12
37164,1
37165,10
37168,11
37171,13
37172,2
37174,5
37175,5
37177,4
37178,5
37180,1
37181,6
37184,5
37187,7
37188,2
37190,7
37191,5
37193,3
37194,7
37196,2
37197,8
37200,8
37203,8
37204,3
37206,7
37207,3
37209,4
37210,10
37212,3
37213,7
37216,9
37219,10
37220,1
37222,6
37223,3
37225,3
37226,7
37228,4
37229,11
37232,4
37235,4
37236,2
37238,5
37239,2
37241,5
37242,4
37244,2
37245,9
37248,10
37251,4
37252,1
37254,1
37255,2
37257,4
37258,7
37260,6
37261,4
37264,14
37267,3
37268,2
37270,3
37271,3
37273,5
37274,6
37276,3
37277,6
37280,3
37283,8
37284,1
37286,2
37287,1
37289,2
37290,4
37293,7
37296,5
37299,7
37300,2
37302,1
37303,1
37305,3
37306,7
37309,7
37312,10
37315,4
37318,6
37319,3
37321,2
37322,3
37324,3
37325,5
37328,6
37331,4
37334,3
37335,7
37337,1
37338,4
37340,3
37341,7
37344,4
37347,7
37350,4
37351,1
37353,7
37354,4
37356,1
37357,6
37360,5
37363,7
37366,2
37367,9
37369,4
37370,11
37372,3
37373,5
37376,9
37379,7
37382,5
37383,7
37385,4
37386,4
37389,8
37392,9
37395,7
37396,1
37398,4
37399,2
37401,1
37402,7
37404,1
37405,11
37408,10
37411,7
37412,2
37414,4
37415,5
37417,3
37418,7
37420,1
37421,5
37424,9
37427,6
37428,3
37430,5
37431,1
37433,2
37434,4
37436,4
37437,4
37440,4
37443,4
37444,1
37446,3
37447,3
37449,2
37450,6
37453,6
37456,9
37459,5
37460,1
37462,6
37463,3
37465,7
37466,6
37469,4
37472,5
37475,5
37476,1
37478,7
37479,3
37481,2
37482,5
37484,1
37485,5
37488,10
37491,8
37492,3
37494,3
37497,4
37498,10
37500,1
37501,5
37504,10
37507,8
37508,1
37510,9
37511,2
37513,2
37514,8
37517,5
37520,2
37523,5
37524,1
37526,7
37529,3
37530,5
37532,2
37533,4
37536,7
37539,6
37540,3
37542,8
37543,1
37545,1
37546,4
37548,2
37549,5
37552,5
37555,4
37556,2
37558,4
37559,5
37561,2
37562,2
37564,4
37565,1
37568,11
37571,3
37574,1
37575,2
37577,6
37578,5
37580,1
37581,6
37584,16
37587,10
37590,2
37591,1
37593,4
37594,4
37596,3
37597,10
37600,13
37603,6
37604,1
37606,8
37609,1
37610,6
37612,3
37613,5
37616,12
37619,5
37620,2
37622,6
37623,5
37625,5
37626,4
37628,1
37629,4
37632,4
37635,5
37636,1
37638,7
37639,5
37641,7
37642,3
37644,1
37645,6
37648,10
37651,9
37652,2
37654,6
37655,5
37657,2
37658,5
37660,1
37661,9
37664,7
37667,8
37668,3
37670,3
37671,2
37673,2
37674,4
37676,3
37677,9
37680,5
37683,5
37684,3
37686,3
37687,4
37689,4
37692,3
37693,3
37696,4
37699,10
37700,1
37702,4
37703,1
37705,1
37706,9
37708,2
37709,12
37712,7
37715,9
37716,1
37718,6
37719,5
37721,2
37722,10
37724,2
37725,8
37728,8
37731,8
37732,2
37734,2
37735,4
37737,6
37738,3
37740,3
37741,4
37744,8
37747,8
37748,3
37750,4
37751,3
37753,3
37754,6
37756,2
37757,7
37760,7
37763,5
37764,2
37766,6
37767,3
37769,10
37770,7
37772,1
37773,8
37776,10
37779,5
37780,2
37782,4
37783,1
37785,2
37786,5
37788,2
37789,6
37792,6
37795,8
37796,3
37798,5
37799,3
37801,2
37802,9
37804,2
37805,9
37808,11
37811,15
37812,2
37814,4
37815,7
37817,4
37818,7
37821,1
37824,6
37827,11
37828,4
37830,1
37831,3
37833,6
37834,4
37836,4
37837,8
37840,7
37843,11
37846,3
37847,2
37849,6
37850,4
37853,4
37856,3
37859,7
37862,11
37863,5
37865,8
37866,6
37868,2
37869,5
37872,9
37875,2
37876,2
37878,8
37879,4
37881,1
37882,4
37884,2
37885,10
37888,6
37891,8
37892,1
37894,7
37895,8
37897,3
37898,5
37900,2
37901,7
37904,6
37907,11
37908,3
37910,2
37913,5
37914,3
37916,2
37917,7
37920,7
37923,9
37924,2
37926,5
37927,2
37929,3
37930,3
37932,3
37933,15
37936,6
37939,9
37942,3
37943,4
37945,2
37946,5
37948,2
37949,4
37952,12
37955,5
37956,1
37958,5
37959,4
37961,1
37962,3
37964,3
37965,10
37968,4
37971,4
37972,2
37974,4
37975,1
37977,6
37978,6
37981,8
37984,9
37987,3
37990,1
37991,3
37993,2
37994,6
37997,6
38000,6
38003,7
38004,1
38006,8
38007,4
38009,7
38010,2
38012,1
38013,6
38016,5
38019,6
38020,1
38022,4
38023,3
38025,3
38026,2
38028,2
38029,7
38032,11
38035,7
38036,2
38038,9
38039,1
38041,3
38042,9
38044,2
38045,8
38048,8
38051,10
38052,2
38054,4
38055,4
38057,3
38058,10
38061,7
38064,12
38067,4
38070,6
38071,5
38073,7
38074,3
38076,1
38077,7
38080,11
38083,6
38084,1
38086,9
38087,5
38089,5
38090,2
38092,1
38093,6
38096,13
38099,5
38102,7
38103,3
38105,2
38106,3
38108,3
38109,3
38112,8
38115,11
38116,1
38118,9
38119,2
38121,3
38122,4
38125,9
38128,8
38131,8
38132,5
38134,5
38135,4
38137,5
38138,6
38140,1
38141,8
38144,11
38147,6
38148,2
38150,6
38151,4
38153,1
38154,5
38156,1
38157,5
38160,10
38163,7
38164,2
38166,5
38167,8
38169,4
38170,7
38172,3
38173,11
38176,16
38179,7
38180,1
38182,9
38183,8
38185,3
38186,9
38189,12
38192,11
38195,7
38198,4
38199,1
38201,7
38202,5
38204,4
38205,12
38208,8
38211,3
38212,2
38214,10
38215,4
38217,8
38218,11
38221,12
38224,11
38227,7
38228,3
38230,3
38231,2
38233,1
38234,4
38236,1
38237,7
38240,2
38243,8
38244,4
38246,6
38247,7
38249,2
38250,4
38252,1
38253,6
38256,14
38259,5
38260,1
38262,4
38263,1
38265,4
38266,9
38268,2
38269,6
38272,12
38275,5
38276,2
38278,6
38279,5
38281,3
38282,6
38285,5
38288,9
38291,5
38292,2
38294,4
38295,4
38297,4
38298,5
38300,3
38301,3
38304,11
38307,3
38308,2
38310,8
38311,5
38313,5
38314,8
38316,2
38317,8
38320,12
38323,4
38324,6
38326,3
38327,5
38329,3
38330,8
38332,2
38333,10
38336,4
38339,9
38342,1
38343,2
38345,6
38346,4
38348,1
38349,6
38352,5
38355,3
38356,1
38358,6
38359,3
38361,4
38362,9
38364,2
38365,8
38368,8
38371,4
38372,3
38374,4
38377,3
38378,4
38380,2
38381,5
38384,7
38387,9
38388,2
38390,4
38391,2
38393,4
38394,8
38396,2
38397,7
38400,9
38403,3
38404,1
38406,5
38407,1
38409,3
38410,1
38412,3
38413,7
38416,11
38419,8
38420,2
38422,6
38423,5
38425,2
38426,7
38428,1
38429,5
38432,8
38435,5
38436,2
38438,7
38439,2
38441,2
38442,5
38444,3
38445,10
38448,9
38451,4
38454,11
38455,6
38457,4
38458,10
38460,5
38461,8
38464,14
38467,8
38470,3
38471,6
38473,2
38474,7
38476,2
38477,4
38480,7
38483,9
38484,2
38486,3
38487,4
38489,3
38490,5
38492,5
38493,7
38496,10
38499,4
38500,1
38502,7
38503,3
38505,6
38506,2
38508,1
38509,10
38512,7
38515,5
38518,6
38519,7
38521,4
38522,8
38524,2
38525,9
38528,6
38531,12
38532,2
38534,3
38535,2
38537,3
38538,3
38540,2
38541,8
38544,9
38547,7
38548,3
38550,2
38551,3
38553,4
38554,6
38556,1
38557,7
38560,7
38563,9
38564,1
38566,7
38567,4
38569,3
38570,5
38572,2
38573,5
38576,17
38579,4
38580,6
38582,5
38583,2
38585,5
38586,6
38588,1
38589,8
38592,4
38595,5
38598,4
38599,1
38601,3
38602,5
38604,4
38605,4
38608,6
38611,4
38612,2
38614,4
38615,5
38617,3
38618,4
38620,2
38621,5
38624,5
38627,3
38628,1
38630,1
38631,5
38633,3
38634,3
38636,2
38637,6
38640,8
38643,6
38644,1
38646,4
38647,3
38649,4
38650,6
38652,1
38653,7
38656,6
38659,9
38660,1
38662,2
38663,3
38665,4
38666,7
38668,1
38669,6
38672,11
38675,9
38678,5
38679,3
38681,4
38682,2
38684,1
38685,4
38688,12
38691,8
38692,2
38694,4
38695,7
38697,2
38698,2
38700,1
38701,4
38704,6
38707,3
38710,4
38711,5
38713,4
38714,9
38716,2
38717,5
38720,3
38723,9
38726,2
38727,3
38729,5
38730,2
38732,1
38733,3
38736,13
38739,5
38740,1
38742,6
38743,1
38745,2
38746,1
38749,10
38752,9
38755,3
38756,2
38758,5
38759,2
38761,7
38762,1
38764,3
38765,6
38768,5
38771,4
38772,2
38774,4
38775,3
38777,3
38778,5
38780,2
38781,1
38784,8
38787,8
38788,2
38790,2
38791,5
38793,1
38794,5
38796,3
38797,5
38800,3
38803,3
38804,3
38806,3
38807,2
38809,2
38810,2
38813,9
38816,5
38819,7
38820,3
38822,1
38823,2
38825,2
38826,6
38828,2
38829,6
38832,5
38835,7
38836,1
38838,1
38839,1
38841,1
38842,3
38845,6
38848,6
38851,2
38852,3
38854,6
38855,5
38857,5
38858,4
38860,1
38861,6
38864,9
38867,6
38868,1
38870,4
38871,1
38873,7
38874,2
38876,1
38877,7
38880,7
38883,7
38884,1
38886,5
38887,2
38889,4
38890,2
38892,2
38893,6
38896,12
38899,4
38902,2
38903,2
38906,6
38908,3
38909,8
38912,6
38915,7
38916,1
38918,6
38919,2
38921,2
38922,4
38924,3
38925,6
38928,14
38931,4
38932,1
38934,8
38935,1
38937,1
38938,7
38940,1
38941,9
38944,11
38947,1
38950,5
38951,5
38953,1
38954,2
38956,1
38957,5
38960,9
38963,3
38964,3
38966,2
38967,4
38969,2
38970,2
38972,3
38973,9
38976,8
38979,9
38980,1
38982,4
38983,6
38985,5
38986,1
38988,1
38989,8
38992,9
38995,8
38998,1
38999,3
39001,4
39002,3
39005,6
39008,5
39011,6
39012,3
39014,4
39015,6
39017,3
39018,2
39020,3
39021,7
39024,7
39027,7
39028,2
39030,4
39031,3
39033,2
39034,4
39036,1
39037,2
39040,9
39043,5
39044,2
39046,2
39047,2
39049,7
39050,3
39053,5
39056,7
39059,4
39060,1
39062,2
39063,4
39065,5
39066,5
39069,9
39072,6
39075,4
39076,1
39078,5
39081,5
39082,5
39084,1
39085,5
39088,6
39091,6
39092,3
39094,5
39095,2
39097,1
39098,4
39100,3
39101,8
39104,8
39107,4
39110,2
39111,4
39113,3
39114,3
39117,4
39120,5
39123,3
39124,2
39126,7
39127,5
39129,2
39130,8
39132,1
39133,2
39136,4
39139,7
39140,3
39142,6
39143,4
39145,3
39146,6
39148,3
39149,7
39152,9
39155,9
39156,2
39158,5
39159,2
39161,2
39162,6
39164,1
39165,3
39168,9
39171,7
39172,1
39174,5
39175,3
39177,4
39178,5
39180,1
39181,4
39184,5
39187,5
39188,3
39190,4
39191,3
39193,2
39194,6
39196,4
39197,6
39200,6
39203,6
39204,1
39206,3
39207,1
39209,3
39210,3
39212,2
39213,5
39216,6
39219,5
39222,8
39223,1
39225,5
39226,5
39228,1
39229,3
39232,9
39235,2
39236,1
39238,5
39239,3
39241,4
39242,5
39244,4
39248,9
39251,5
39252,2
39254,4
39255,3
39257,2
39258,5
39260,1
39261,9
39264,6
39267,5
39270,6
39271,3
39273,3
39274,5
39277,6
39280,3
39283,7
39286,3
39287,2
39289,3
39290,4
39293,1
39296,4
39299,4
39302,3
39305,1
39306,1
39308,1
39309,4
39312,6
39315,5
39316,1
39319,4
39321,5
39322,5
39325,3
39328,5
39331,7
39335,2
39337,3
39338,3
39340,1
39341,8
39344,6
39347,5
39348,2
39350,6
39351,2
39353,5
39354,4
39356,1
39357,4
39360,5
39363,3
39364,1
39366,4
39369,3
39370,1
39373,2
39376,2
39379,6
39382,2
39383,2
39385,1
39386,1
39389,4
39392,4
39395,3
39396,2
39398,2
39401,2
39402,3
39404,1
39405,7
39408,4
39411,4
39412,1
39414,2
39415,4
39417,3
39418,2
39420,1
39421,4
39424,6
39427,10
39430,3
39431,1
39433,3
39434,2
39436,1
39437,2
39440,7
39443,7
39444,2
39446,2
39447,7
39449,2
39450,3
39452,2
39453,8
39456,7
39459,7
39460,2
39462,4
39463,1
39469,7
39472,6
39475,3
39476,4
39478,4
39479,3
39481,2
39482,3
39484,1
39485,5
39488,7
39491,6
39492,1
39494,5
39495,3
39497,1
39498,6
39500,1
39501,2
39504,8
39507,7
39510,4
39511,5
39513,5
39514,4
39516,2
39517,4
39520,5
39523,9
39524,3
39526,1
39527,2
39530,3
39532,2
39533,3
39536,4
39539,2
39540,1
39542,1
39543,1
39545,3
39546,1
39549,6
39552,6
39555,1
39556,3
39558,4
39559,1
39561,2
39562,1
39564,3
39565,5
39568,5
39571,8
39572,3
39574,4
39575,6
39577,1
39578,4
39580,2
39581,5
39584,5
39587,6
39588,1
39590,4
39591,1
39593,1
39594,1
39597,2
39600,3
39603,2
39606,7
39607,2
39609,4
39610,3
39612,1
39613,1
39616,5
39619,9
39622,5
39623,5
39625,2
39626,2
39629,10
39632,5
39635,1
39636,2
39638,1
39639,2
39641,1
39642,5
39644,2
39645,4
39648,9
39651,6
39652,1
39655,3
39657,1
39658,4
39660,2
39661,6
39664,6
39667,5
39668,1
39670,3
39671,1
39673,3
39674,2
39676,2
39677,9
39680,8
39683,5
39684,1
39686,1
39687,2
39689,1
39690,1
39693,7
39696,5
39699,2
39700,2
39702,3
39703,3
39705,3
39706,4
39708,1
39712,3
39715,2
39716,1
39718,7
39719,3
39722,1
39724,1
39725,1
39728,10
39731,5
39734,4
39735,4
39737,1
39738,2
39740,1
39741,2
39744,2
39747,2
39748,1
39750,2
39751,2
39753,2
39754,1
39756,2
39760,4
39763,3
39767,2
39769,1
39770,4
39772,3
39773,9
39776,9
39779,4
39780,1
39782,4
39783,1
39785,5
39786,1
39789,4
39792,6
39795,5
39796,3
39798,6
39799,1
39801,3
39802,1
39804,1
39805,4
39808,7
39811,4
39814,5
39815,3
39817,1
39818,5
39820,1
39821,5
39824,4
39827,8
39828,1
39830,2
39833,2
39834,6
39836,2
39837,8
39840,5
39843,3
39844,2
39846,3
39847,2
39850,3
39852,1
39853,2
39856,8
39859,6
39860,2
39862,7
39863,2
39865,2
39869,3
39872,10
39875,6
39876,2
39878,3
39879,3
39881,3
39882,4
39884,3
39885,5
39888,6
39891,7
39892,1
39894,2
39897,4
39898,1
39900,1
39901,2
39904,5
39907,6
39908,2
39910,3
39911,3
39913,4
39914,6
39916,1
39917,6
39920,5
39923,6
39924,2
39926,4
39927,5
39929,1
39930,6
39933,5
39936,6
39939,5
39940,2
39942,2
39943,6
39945,2
39946,5
39948,1
39949,6
39952,2
39955,6
39958,2
39959,4
39961,3
39962,3
39964,3
39965,7
39968,7
39971,4
39972,1
39974,5
39975,3
39977,3
39978,4
39980,1
39981,6
39984,6
39987,9
39988,2
39990,5
39991,3
39994,4
39996,2
39997,5
40000,7
40003,6
40004,2
40006,2
40007,2
40009,6
40010,9
40013,2
40016,11
40019,5
40020,2
40022,5
40023,2
40026,4
40029,1
40032,7
40035,6
40036,2
40038,5
40039,2
40042,4
40044,2
40045,5
40048,8
40051,7
40052,2
40054,10
40055,6
40057,2
40058,2
40060,2
40061,3
40064,7
40067,5
40070,2
40071,1
40073,3
40074,6
40076,1
40077,5
40080,6
40083,4
40084,1
40086,9
40087,3
40090,4
40093,2
40096,2
40099,7
40100,3
40102,1
40103,2
40105,1
40106,7
40109,3
40112,7
40115,5
40116,1
40118,5
40119,1
40121,2
40122,4
40124,1
40125,5
40128,7
40131,6
40132,3
40134,3
40135,4
40137,3
40138,5
40141,3
40144,12
40147,2
40150,4
40151,5
40153,7
40154,2
40156,1
40157,3
40160,9
40163,10
40166,4
40169,1
40170,2
40172,3
40173,1
40176,11
40179,6
40182,5
40183,2
40185,1
40186,3
40188,4
40189,2
40192,10
40195,5
40196,1
40198,2
40199,1
40202,4
40205,7
40208,10
40211,10
40212,3
40214,8
40215,4
40217,2
40218,5
40220,1
40221,6
40224,8
40227,12
40228,1
40230,3
40233,2
40234,7
40236,2
40237,4
40240,10
40243,2
40244,1
40246,4
40247,3
40249,3
40250,4
40252,1
40253,9
40256,6
40259,5
40260,1
40262,3
40265,3
40266,3
40268,3
40269,6
40272,5
40275,3
40276,1
40278,7
40279,5
40281,2
40282,1
40285,9
40288,5
40291,4
40292,1
40294,6
40295,1
40297,4
40298,1
40300,1
40301,1
40304,9
40307,4
40308,2
40310,5
40311,9
40313,2
40314,5
40316,1
40317,7
40320,9
40323,7
40324,1
40326,8
40327,3
40329,4
40330,5
40332,1
40333,7
40336,5
40339,4
40340,1
40342,1
40343,4
40345,3
40346,3
40348,1
40349,7
40352,11
40355,9
40358,2
40359,3
40361,1
40362,3
40364,2
40365,4
40368,10
40371,2
40374,3
40375,3
40377,1
40378,6
40380,2
40381,4
40384,3
40387,6
40388,3
40390,4
40391,3
40393,2
40394,3
40396,3
40397,4
40400,9
40403,4
40406,7
40407,2
40409,2
40410,4
40413,5
40416,6
40419,5
40420,1
40422,8
40423,3
40425,5
40426,5
40428,1
40429,7
40432,3
40435,5
40439,4
40441,5
40442,4
40444,1
40445,4
40448,8
40451,7
40454,3
40455,1
40457,1
40458,1
40460,1
40461,3
40464,3
40467,6
40468,3
40470,4
40471,3
40473,2
40474,4
40477,4
40480,1
40483,2
40486,5
40487,7
40489,3
40490,3
40492,1
40493,8
40496,5
40499,3
40500,1
40502,4
40503,1
40505,1
40506,1
40508,4
40509,7
40512,6
40515,2
40516,1
40518,6
40519,1
40521,2
40522,2
40524,3
40525,4
40528,9
40531,5
40534,2
40535,1
40537,4
40538,3
40540,1
40541,5
40544,2
40547,7
40550,4
40551,1
40553,2
40554,3
40556,1
40557,3
40560,9
40563,4
40566,4
40567,3
40569,3
40570,5
40572,3
40573,4
40576,5
40579,5
40582,3
40583,2
40585,2
40586,1
40589,2
40592,5
40595,4
40596,2
40598,2
40599,2
40601,3
40602,4
40604,1
40605,7
40608,9
40611,6
40612,2
40614,3
40615,2
40617,4
40618,5
40620,1
40621,4
40624,8
40627,3
40628,2
40630,4
40631,2
40633,1
40636,1
40637,4
40640,4
40643,9
40644,2
40646,5
40647,3
40649,1
40650,1
40652,1
40653,1
40656,5
40659,2
40662,2
40663,3
40665,2
40666,4
40669,1
40672,5
40675,7
40676,1
40678,3
40679,7
40681,3
40682,8
40685,7
40688,7
40691,1
40694,4
40695,4
40697,1
40698,5
40701,4
40704,9
40707,5
40708,3
40710,1
40713,2
40714,6
40717,5
40720,9
40723,5
40726,3
40729,3
40730,1
40733,4
40736,6
40739,5
40740,1
40742,4
40743,1
40745,1
40746,5
40748,2
40749,1
40752,4
40755,2
40758,2
40759,2
40761,2
40762,2
40764,2
40765,7
40768,3
40771,6
40772,1
40774,3
40775,1
40777,2
40778,2
40781,8
40784,7
40787,3
40788,1
40790,4
40791,3
40793,1
40794,3
40797,6
40800,6
40803,3
40806,3
40807,1
40809,2
40810,4
40812,2
40813,6
40816,3
40819,4
40822,4
40823,1
40826,2
40828,1
40829,3
40832,7
40835,2
40836,2
40838,2
40839,1
40842,5
40844,1
40845,3
40848,8
40851,1
40852,1
40854,3
40855,1
40858,1
40860,1
40861,7
40864,5
40867,4
40868,1
40870,5
40874,2
40877,1
40880,2
40883,5
40884,2
40886,2
40887,1
40890,4
40892,1
40893,2
40896,2
40899,1
40900,1
40902,2
40903,1
40905,2
40906,4
40908,1
40909,5
40912,3
40915,1
40918,4
40919,4
40922,1
40925,6
40928,6
40931,5
40932,3
40934,2
40935,1
40937,2
40938,2
40941,3
40944,8
40947,1
40948,1
40950,5
40951,2
40953,3
40954,1
40957,3
40960,6
40963,6
40964,1
40966,1
40969,3
40970,1
40973,3
40976,4
40979,6
40980,2
40982,2
40983,3
40985,1
40986,1
40989,3
40992,1
40995,4
40996,2
40998,1
41002,1
41004,3
41005,5
41008,3
41011,2
41014,2
41017,4
41018,5
41020,2
41021,4
41024,4
41027,2
41028,1
41030,5
41031,2
41033,4
41034,6
41037,4
41040,7
41043,2
41044,1
41046,1
41047,1
41049,3
41050,1
41052,2
41053,4
41056,3
41059,2
41062,3
41063,3
41065,1
41066,1
41069,5
41072,4
41075,4
41078,5
41081,2
41082,1
41085,2
41088,3
41091,2
41092,1
41094,4
41095,4
41098,3
41100,2
41101,5
41104,3
41107,2
41110,7
41111,5
41113,2
41114,6
41116,2
41117,4
41120,3
41123,4
41124,2
41126,1
41127,2
41130,4
41132,1
41133,3
41136,2
41139,7
41140,2
41142,2
41146,2
41148,1
41149,3
41152,2
41155,4
41158,2
41161,2
41162,2
41165,4
41168,3
41171,3
41172,1
41174,2
41175,1
41177,1
41178,1
41180,1
41181,6
41184,7
41187,4
41188,1
41190,1
41191,1
41193,3
41194,3
41196,1
41197,2
41200,3
41203,3
41204,2
41206,3
41207,3
41209,1
41210,2
41212,1
41213,3
41216,2
41219,4
41220,1
41222,4
41223,3
41225,1
41229,3
41232,3
41235,3
41236,1
41239,1
41241,3
41242,3
41245,1
41248,4
41251,3
41254,2
41255,2
41258,5
41261,2
41264,4
41267,3
41268,2
41270,4
41271,2
41273,1
41274,4
41276,1
41277,2
41280,2
41283,3
41284,1
41286,1
41287,1
41289,2
41290,1
41293,3
41296,5
41299,1
41302,2
41303,2
41306,2
41309,2
41312,3
41315,5
41316,2
41318,3
41321,1
41322,3
41325,3
41328,6
41334,3
41335,2
41337,2
41338,2
41340,1
41341,3
41344,4
41347,2
41348,1
41350,2
41351,2
41353,3
41356,1
41357,3
41360,1
41363,4
41364,1
41366,1
41367,1
41369,3
41370,4
41376,3
41379,2
41382,1
41385,2
41389,2
41392,3
41395,2
41398,2
41402,3
41408,1
41411,4
41414,3
41415,1
41417,2
41420,1
41421,3
41424,3
41427,2
41430,1
41431,4
41433,1
41434,2
41437,2
41440,2
41443,2
41446,1
41447,1
41449,1
41452,1
41453,3
41456,2
41459,2
41460,1
41462,2
41463,1
41465,1
41466,2
41469,1
41472,3
41475,2
41478,3
41481,1
41482,1
41484,1
41485,2
41488,3
41491,1
41492,1
41495,2
41497,1
41498,2
41501,1
41504,3
41507,3
41511,1
41513,2
41517,2
41526,2
41533,4
41539,3
41540,2
41545,2
41546,3
41548,1
41552,2
41555,1
41556,1
41561,1
41565,1
41568,1
41571,1
41574,1
41575,2
41578,2
41581,3
41584,2
41588,1
41590,1
41591,1
41593,1
41594,1
41596,1
41597,3
41600,1
41603,2
41604,1
41606,1
41609,1
41610,1
41613,2
41616,2
41620,2
41625,1
41626,2
41632,1
41635,1
41636,1
41638,3
41639,1
41642,2
41645,3
41651,1
41654,2
41655,1
41657,1
41658,3
41660,1
41661,2
41671,1
41673,1
41674,3
41677,1
41680,3
41686,2
41687,1
41690,1
41692,1
41693,1
41696,4
41699,2
41702,1
41705,1
41706,1
41709,2
41712,1
41715,2
41722,1
41728,1
41731,1
41732,1
41737,1
41738,2
41744,5
41747,2
41748,1
41754,1
41757,1
41766,1
41773,1
41779,2
41782,2
41785,3
41786,1
41792,1
41796,1
41804,1
41805,2
41808,2
41812,1
41814,1
41815,2
41817,1
41818,2
41821,2
41827,1
41833,1
41834,1
41840,1
41843,1
41847,1
41849,3
41853,2
41856,1
41863,1
41865,2
41869,1
41872,1
41875,1
41878,4
41879,2
41881,2
41885,1
41888,1
41891,2
41904,3
41910,2
41911,2
41917,2
41923,2
41933,2
41936,2
41945,1
41949,2
41955,2
41958,1
41961,1
41974,1
41977,3
41978,1
41980,1
41987,1
41991,1
42006,1
42007,2
42013,2
42016,1
42023,1
42029,1
42032,1
42035,1
42038,1
42039,1
42044,1
42051,1
42052,1
42054,1
42055,1
42061,2
42064,2
42073,2
42074,2
42080,1
42083,1
42084,1
42096,4
42103,1
42105,1
42106,1
42109,3
42118,1
42119,1
42121,1
42122,1
42128,2
42131,2
42137,1
42138,1
42141,1
42144,2
42147,2
42148,1
42150,1
42157,2
42163,1
42167,1
42186,1
42195,2
42199,1
42205,1
42208,2
42212,1
42217,2
42221,1
42240,1
42244,1
42252,1
42259,1
42263,1
42272,1
42288,1
42291,1
42292,1
42297,2
42301,1
42304,1
42307,2
42310,1
42311,1
42323,2
42327,1
42330,1
42345,1
42348,1
42359,2
42362,1
42368,2
42377,2
42378,2
42384,1
42387,1
42416,2
42419,2
42436,1
42441,1
42451,2
42458,1
42461,1
42471,1
42473,2
42480,1
42486,1
42493,1
42502,1
42509,2
42512,1
42519,1
42522,1
42528,1
42534,1
42535,2
42538,1
42544,1
42547,1
42551,1
42553,1
42560,1
42563,1
42567,1
42576,2
42579,1
42582,1
42595,1
42608,2
42611,1
42615,1
42621,1
42640,1
42646,1
42659,1
42668,1
42675,1
42681,1
42691,1
42697,1
42698,1
42700,1
42704,1
42714,1
42716,1
42723,1
42729,1
42730,1
42742,1
42749,1
42755,1
42759,2
42778,1
42780,1
42787,1
42800,2
42820,1
42832,1
42838,1
42839,2
42845,1
42851,1
42854,2
42858,1
42864,1
42870,2
42877,1
42883,1
42886,1
42887,1
42899,2
42902,1
42925,1
42928,2
42931,1
42934,1
42951,1
42953,1
42956,1
42966,1
42976,1
42979,1
42980,1
42996,1
43021,1
43024,1
43027,1
43043,1
43062,1
43065,1
43066,3
43091,1
43094,1
43114,1
43117,1
43130,1
43133,1
43136,1
43139,1
43149,1
43181,1
43184,1
43187,1
43190,1
43196,2
43200,2
43203,1
43213,1
43216,1
43219,1
43232,1
43238,1
43270,1
43274,1
43277,1
43280,1
43286,1
43289,1
43293,1
43296,2
43306,1
43315,1
43319,1
43325,1
43341,2
43344,1
43353,1
43366,1
43370,1
43380,1
43385,2
43388,1
43392,2
43395,2
43398,1
43399,1
43404,1
43408,1
43412,1
43417,1
43424,1
43427,1
43430,1
43434,1
43447,1
43456,1
43481,1
43485,1
43495,1
43498,1
43508,1
43514,1
43516,1
43520,1
43523,2
43526,1
43533,1
43552,1
43555,2
43558,2
43568,1
43574,2
43607,1
43610,2
43613,1
43619,1
43622,1
43638,1
43651,1
43652,2
43657,1
43680,2
43686,1
43692,1
43699,1
43702,1
43705,1
43712,2
43725,1
43731,1
43734,1
43741,1
43769,1
43782,1
43792,1
43795,1
43808,1
43824,1
43843,1
43849,1
43852,1
43853,1
43859,2
43862,1
43869,1
43878,1
43888,1
43904,1
43907,1
43911,1
43913,1
43926,1
43930,1
43936,1
43949,1
43965,1
43968,3
43978,1
43987,1
44006,1
44012,1
44035,1
44038,1
44044,1
44048,1
44068,1
44077,1
44080,1
44083,1
44096,1
44109,2
44112,1
44121,1
44122,1
44128,1
44131,1
44141,1
44147,1
44150,1
44163,1
44166,1
44173,1
44183,1
44189,1
44214,1
44227,2
44231,1
44233,1
44253,1
44262,1
44288,1
44291,2
44295,1
44301,1
44311,1
44329,1
44330,1
44339,1
44343,1
44362,1
44374,1
44378,2
44397,2
44407,1
44429,1
44445,1
44448,1
44451,1
44454,1
44458,1
44486,1
44518,1
44525,1
44569,1
44570,1
44573,1
44579,1
44602,1
44608,1
44630,1
44636,1
44646,2
44665,2
44669,1
44729,1
44749,1
44758,1
44762,1
44768,1
44778,1
44787,1
44800,2
44803,1
44810,1
44816,1
44838,1
44852,1
44870,1
44877,1
44896,1
44912,1
44931,1
44937,1
44970,1
44976,1
44985,1
44995,1
45002,2
45017,1
45021,1
45024,1
45031,1
45034,1
45040,1
45053,2
45065,1
45078,1
45079,1
45088,1
45094,1
45120,2
45126,1
45127,1
45158,1
45159,1
45168,1
45216,1
45245,1
45255,1
45267,1
45273,1
45318,1
45325,1
45334,1
45335,1
45373,1
45401,1
45408,1
45450,1
45456,1
45459,1
45465,1
45478,1
45482,1
45491,1
45495,1
45501,1
45504,1
45523,1
45527,1
45533,1
45536,1
45543,1
45546,1
45580,1
45606,1
45626,1
45680,1
45683,1
45706,1
45712,1
45719,1
45744,1
45747,1
45766,1
45783,1
45789,1
45808,1
45814,1
45821,1
45837,1
45859,1
45862,1
45882,1
45885,2
45907,1
45916,1
45936,2
45942,1
45946,1
45955,1
45978,1
46006,2
46026,2
46038,1
46057,1
46070,1
46096,1
46099,1
46112,1
46128,1
46141,1
46163,2
46169,1
46173,2
46176,2
46179,1
46185,1
46192,1
46204,1
46211,1
46214,1
46240,1
46243,1
46247,1
46256,1
46263,2
46266,1
46278,1
46301,1
46304,1
46307,1
46320,1
46327,1
46333,1
46339,1
46348,1
46349,1
46352,1
46355,2
46371,1
46374,1
46381,1
46384,1
46403,1
46409,1
46412,1
46413,1
46432,3
46435,1
46438,1
46439,1
46464,1
46474,1
46487,1
46489,1
46509,2
46512,2
46519,1
46522,1
46534,1
46538,1
46556,1
46560,1
46570,1
46573,2
46576,1
46582,1
46589,1
46592,1
46611,2
46614,1
46615,1
46618,1
46621,1
46650,1
46652,1
46653,1
46659,1
46662,1
46701,1
46704,1
46717,2
46752,1
46768,1
46775,1
46778,1
46784,3
46809,2
46832,1
46835,1
46836,1
46851,1
46854,1
46857,1
46860,1
46864,1
46870,1
46889,1
46890,2
46896,1
46903,1
46928,2
46957,1
46963,1
46973,1
46992,1
47015,1
47017,1
47028,1
47034,1
47043,1
47046,1
47053,1
47056,1
47072,1
47078,1
47091,1
47113,1
47114,2
47117,1
47120,1
47139,1
47146,2
47155,1
47165,1
47168,2
47171,1
47180,1
47187,1
47194,1
47213,1
47229,1
47235,1
47238,1
47239,1
47245,1
47251,1
47252,1
47261,1
47277,1
47296,1
47309,1
47312,1
47318,1
47331,1
47337,1
47341,2
47344,2
47350,1
47357,1
47360,1
47366,1
47376,1
47379,2
47383,1
47392,1
47401,1
47404,1
47411,1
47415,1
47417,1
47427,1
47430,1
47440,2
47446,1
47452,1
47453,1
47459,1
47463,1
47466,1
47491,1
47497,1
47500,1
47513,1
47517,2
47526,1
47533,1
47543,1
47546,1
47552,2
47555,1
47564,1
47568,1
47575,1
47584,1
47588,1
47591,2
47596,1
47597,2
47609,1
47616,1
47629,1
47632,2
47635,1
47638,1
47645,1
47648,1
47654,1
47658,2
47664,1
47667,1
47670,2
47674,2
47683,1
47686,1
47696,1
47702,1
47703,1
47715,1
47718,2
47721,1
47725,1
47735,1
47738,2
47741,1
47744,1
47757,2
47773,2
47776,1
47783,1
47785,1
47786,1
47798,2
47808,1
47811,2
47831,1
47834,1
47844,1
47846,1
47847,1
47859,1
47875,2
47878,1
47888,1
47891,1
47895,1
47897,1
47901,1
47904,1
47920,1
47923,2
47926,1
47932,2
47933,1
47936,1
47952,2
47984,2
47987,1
47988,1
47990,1
47994,1
47997,1
48000,1
48003,1
48004,1
48009,1
48012,1
48013,3
48016,1
48022,3
48025,1
48029,1
48032,1
48058,1
48061,1
48076,1
48080,2
48084,1
48086,1
48093,1
48099,1
48106,1
48112,3
48122,1
48125,1
48128,1
48131,1
48134,1
48135,1
48141,1
48160,1
48166,1
48202,2
48205,1
48208,1
48212,1
48214,1
48218,1
48221,2
48230,1
48237,1
48243,1
48252,1
48256,2
48259,1
48266,1
48269,3
48272,1
48278,1
48279,1
48281,3
48282,1
48294,2
48298,1
48304,2
48320,1
48326,1
48336,3
48345,1
48348,1
48352,2
48355,1
48365,1
48368,1
48374,1
48381,1
48384,1
48390,1
48393,1
48397,1
48400,2
48413,2
48416,1
48422,1
48423,1
48429,1
48432,1
48438,1
48445,1
48457,1
48460,1
48461,1
48477,1
48480,1
48483,1
48489,1
48493,1
48499,1
48500,1
48506,1
48525,1
48534,1
48537,2
48544,1
48547,1
48554,1
48570,1
48576,1
48583,1
48589,1
48595,2
48605,1
48614,4
48618,1
48624,1
48631,1
48634,3
48637,1
48665,2
48666,1
48672,1
48681,1
48682,1
48698,1
48701,2
48707,2
48708,1
48723,1
48730,1
48732,1
48752,1
48762,1
48771,1
48777,1
48781,1
48784,1
48788,1
48794,1
48797,1
48809,1
48813,1
48816,1
48819,1
48820,1
48829,1
48836,1
48838,1
48839,1
48855,1
48864,1
48873,1
48887,2
48896,1
48908,1
48915,1
48918,1
48922,1
48925,1
48931,1
48935,1
48938,2
48944,1
48948,1
48957,1
48964,2
48970,1
48973,2
48989,1
48996,1
48999,1
49011,2
49014,1
49031,1
49036,1
49037,2
49040,1
49043,2
49047,1
49052,1
49053,1
49059,1
49063,1
49066,1
49072,1
49082,1
49091,3
49094,1
49098,1
49101,2
49104,1
49108,1
49110,1
49113,1
49114,1
49117,1
49127,1
49129,1
49158,1
49168,1
49174,1
49181,1
49190,2
49194,1
49197,2
49203,1
49210,1
49223,1
49235,1
49248,1
49274,1
49280,1
49283,3
49284,1
49286,1
49287,1
49290,1
49292,1
49296,1
49303,2
49306,1
49322,1
49331,1
49341,1
49350,1
49356,1
49366,1
49367,1
49369,1
49370,1
49376,1
49395,1
49401,1
49402,4
49408,1
49414,1
49420,1
49421,1
49433,1
49436,1
49440,1
49449,1
49453,2
49459,2
49469,1
49478,1
49482,1
49488,2
49491,3
49495,1
49498,1
49501,1
49511,1
49513,1
49517,1
49526,1
49530,1
49533,1
49539,2
49542,1
49543,1
49545,1
49552,1
49571,2
49572,1
49574,1
49575,1
49581,1
49590,2
49600,1
49603,1
49606,1
49616,1
49645,1
49667,1
49683,1
49724,1
49725,1
49741,1
49744,1
49751,1
49754,2
49757,2
49760,1
49776,2
49782,1
49789,1
49792,1
49795,1
49808,1
49831,1
49837,1
49846,1
49847,1
49853,1
49856,1
49866,1
49868,1
49872,1
49881,1
49891,1
49904,1
49920,2
49923,1
49926,1
49933,1
49936,1
49939,1
49942,1
49943,1
49961,1
49971,1
49996,1
50003,1
50035,2
50041,1
50042,1
50048,1
50051,1
50058,1
50061,1
50071,1
50073,1
50083,1
50087,1
50093,1
50096,1
50099,2
50106,1
50112,1
50118,2
50121,3
50128,1
50131,1
50141,1
50144,3
50151,1
50157,1
50160,1
50173,3
50176,1
50186,1
50192,3
50195,3
50198,2
50211,1
50215,1
50224,1
50234,1
50272,1
50278,1
50292,1
50298,2
50330,1
50333,1
50336,1
50339,1
50346,1
50352,1
50355,1
50358,1
50361,1
50372,2
50377,2
50387,2
50390,1
50400,2
50404,1
50406,1
50419,1
50429,1
50451,1
50460,1
50467,1
50474,1
50480,1
50483,1
50486,1
50499,1
50512,1
50519,2
50531,1
50538,1
50541,1
50544,1
50553,1
50560,1
50566,1
50583,1
50595,1
50640,2
50656,1
50659,2
50665,1
50672,1
50675,2
50682,1
50688,3
50691,1
50698,1
50714,1
50716,1
50723,1
50733,1
50736,1
50759,1
50762,1
50764,1
50778,1
50784,2
50790,2
50800,1
50810,1
50819,1
50822,1
50835,1
50845,1
50854,1
50855,1
50867,1
50870,1
50880,1
50886,2
50896,2
50908,1
50919,1
50922,1
50925,1
50944,2
50951,1
50960,2
50970,3
50976,1
50995,1
50996,1
50998,1
51005,2
51011,1
51015,1
51017,1
51024,1
51036,2
51040,1
51044,1
51047,1
51066,1
51107,1
51111,1
51152,1
51155,1
51158,1
51162,1
51165,1
51188,1
51190,1
51197,1
51209,1
51210,1
51216,1
51219,1
51225,1
51226,1
51232,1
51242,1
51251,1
51252,1
51260,1
51264,1
51286,1
51315,1
51316,1
51318,1
51321,1
51322,1
51334,1
51347,1
51360,1
51366,1
51369,1
51402,1
51414,1
51417,1
51421,2
51424,1
51431,1
51437,1
51449,1
51475,2
51479,1
51484,1
51520,2
51524,1
51546,1
51552,2
51565,1
51568,1
51571,1
51587,1
51600,1
51603,1
51607,1
51610,1
51632,1
51635,1
51638,1
51641,1
51667,1
51673,1
51680,2
51699,2
51702,2
51715,1
51718,1
51731,1
51747,1
51750,1
51785,1
51786,1
51789,2
51828,1
51859,1
51862,1
51863,1
51872,1
51875,2
51891,1
51892,1
51897,1
51913,1
51914,1
51923,1
51927,1
51930,1
51939,1
51948,1
51959,1
51965,2
51981,2
51987,1
52003,1
52010,1
52022,1
52051,1
52060,1
52067,1
52074,1
52083,2
52084,1
52096,1
52106,1
52109,1
52112,1
52115,1
52125,1
52128,1
52131,1
52147,1
52154,1
52157,1
52176,1
52182,1
52202,1
52212,1
52221,1
52224,1
52230,1
52234,1
52240,1
52253,1
52262,1
52265,1
52266,1
52269,1
52272,1
52275,1
52310,1
52329,2
52332,1
52339,1
52349,1
52356,1
52358,1
52359,1
52365,1
52397,2
52461,1
52509,1
52522,1
52525,1
52534,1
52541,1
52550,1
52563,1
52566,1
52601,1
52621,1
52624,1
52627,1
52669,1
52694,1
52701,1
52713,1
52714,1
52717,1
52729,1
52752,1
52756,1
52768,1
52771,1
52791,1
52797,2
52819,1
52823,1
52844,1
52848,2
52861,1
52864,1
52880,1
52893,1
52896,3
52899,1
52902,1
52912,1
52918,1
52934,1
52938,1
52956,1
52957,1
52960,1
52979,1
53004,1
53005,1
53008,1
53034,1
53037,1
53040,1
53044,1
53047,1
53063,1
53065,1
53085,1
53098,2
53101,2
53104,4
53107,1
53111,1
53114,1
53127,2
53139,1
53155,1
53174,1
53178,1
53190,3
53197,2
53200,2
53213,1
53236,2
53245,1
53248,1
53254,1
53260,1
53273,1
53286,1
53303,1
53305,1
53309,1
53315,1
53318,1
53321,1
53331,1
53334,1
53338,1
53357,1
53360,1
53395,2
53405,2
53408,1
53437,1
53462,1
53463,1
53469,1
53479,1
53482,1
53484,1
53507,1
53523,1
53527,1
53555,1
53558,1
53575,1
53580,1
53587,1
53594,1
53604,1
53609,1
53654,1
53655,1
53658,1
53674,1
53677,1
53702,1
53709,1
53715,1
53719,1
53747,1
53776,1
53783,1
53785,1
53817,1
53818,1
53821,1
53824,1
53828,1
53840,1
53843,1
53875,1
53891,1
53897,1
53904,1
53910,1
53914,1
53929,1
53942,1
53949,1
53958,1
53975,1
53993,1
53994,1
54007,1
54016,1
54019,1
54028,1
54029,1
54032,1
54048,1
54051,2
54058,1
54060,1
54070,1
54080,1
54083,2
54089,1
54122,1
54138,1
54144,1
54163,1
54167,1
54180,1
54196,1
54198,1
54208,1
54231,1
54234,2
54240,2
54275,1
54291,1
54301,1
54310,1
54323,1
54342,1
54343,1
54374,1
54384,1
54400,1
54455,1
54461,1
54512,1
54515,1
54531,1
54547,1
54560,2
54566,1
54573,1
54580,1
54585,1
54592,1
54598,1
54601,1
54611,1
54615,1
54653,1
54665,1
54668,1
54678,1
54679,1
54681,1
54682,1
54695,2
54707,1
54732,1
54736,1
54742,1
54743,1
54749,1
54752,1
54755,1
54756,1
54762,1
54771,1
54772,1
54778,1
54787,1
54790,1
54793,1
54794,1
54797,1
54800,1
54816,1
54836,1
54851,2
54874,1
54877,2
54880,1
54902,1
54925,1
54931,2
54944,1
54948,1
54957,1
54963,1
54970,1
55037,1
55053,1
55065,1
55072,1
55098,1
55101,1
55107,1
55114,1
55136,1
55155,1
55165,1
55178,1
55226,1
55235,1
55283,1
55296,1
55325,1
55328,2
55337,1
55344,1
55350,1
55370,1
55389,2
55424,1
55437,1
55453,1
55459,1
55478,1
55484,1
55485,1
55500,1
55514,1
55517,1
55536,1
55549,1
55590,2
55596,1
55613,2
55616,1
55632,1
55645,1
55664,1
55693,1
55737,1
55750,1
55754,1
55770,1
55776,1
55789,1
55799,1
55811,1
55821,1
55837,1
55840,1
55843,1
55852,1
55853,1
55869,1
55885,1
55913,1
55914,2
55927,1
55929,1
55946,1
55958,1
55971,1
55990,1
56003,1
56010,1
56019,1
56028,1
56051,1
56055,1
56061,1
56086,1
56089,1
56115,1
56128,2
56163,1
56176,1
56185,1
56217,2
56221,1
56224,1
56227,1
56247,1
56253,1
56297,1
56304,1
56307,1
56326,1
56330,1
56336,1
56339,1
56343,1
56355,1
56362,1
56365,1
56397,1
56413,1
56422,1
56423,1
56432,1
56438,1
56445,1
56457,1
56458,1
56460,1
56467,1
56476,1
56500,1
56503,1
56509,1
56515,1
56516,1
56525,1
56541,1
56548,1
56567,1
56569,1
56579,1
56589,1
56595,1
56611,1
56621,1
56624,1
56631,1
56653,1
56656,3
56662,1
56666,1
56669,1
56681,1
56698,1
56707,1
56713,1
56730,2
56733,1
56736,1
56742,2
56746,1
56756,1
56774,1
56781,1
56788,1
56806,1
56835,1
56838,1
56842,1
56845,1
56864,2
56871,1
56899,1
56902,1
56906,1
56909,1
56912,1
56915,1
56954,1
56960,3
56972,1
56976,1
56980,1
56985,1
56992,1
56996,1
57005,1
57027,1
57050,2
57053,1
57056,2
57060,1
57066,1
57069,1
57075,1
57085,1
57092,1
57113,1
57114,1
57145,1
57158,1
57159,1
57168,1
57174,1
57184,1
57203,1
57210,1
57229,1
57232,1
57251,1
57254,1
57270,1
57286,1
57293,1
57302,1
57305,1
57306,1
57309,1
57322,2
57328,1
57344,1
57370,1
57382,1
57389,1
57405,1
57411,1
57412,1
57418,1
57421,1
57427,1
57434,1
57437,1
57440,1
57453,1
57456,2
57465,1
57479,1
57488,1
57500,1
57514,1
57523,1
57526,1
57530,1
57536,2
57539,1
57542,1
57546,1
57552,1
57564,1
57578,1
57581,1
57587,1
57603,1
57616,1
57619,1
57625,1
57626,1
57641,1
57645,1
57670,1
57674,1
57677,1
57689,1
57696,1
57721,1
57724,1
57741,1
57744,2
57766,1
57776,1
57783,1
57798,1
57799,1
57801,1
57814,1
57818,1
57821,1
57843,1
57862,1
57869,1
57875,1
57879,1
57891,2
57901,1
57904,1
57911,1
57917,1
57920,1
57962,1
58010,1
58020,1
58026,1
58035,1
58041,1
58052,1
58061,1
58064,1
58102,1
58106,1
58122,1
58128,1
58144,1
58170,1
58173,1
58176,1
58201,1
58212,1
58215,1
58231,1
58234,1
58240,1
58246,1
58252,1
58291,1
58304,1
58310,1
58329,1
58330,1
58361,1
58365,1
58374,1
58387,1
58419,1
58429,1
58432,1
58455,1
58473,1
58496,1
58519,1
58541,2
58547,1
58572,1
58582,1
58583,1
58586,1
58589,1
58592,2
58598,1
58608,1
58627,1
58631,1
58646,1
58662,1
58665,1
58681,1
58685,1
58691,1
58698,1
58713,1
58720,2
58745,1
58761,1
58768,1
58771,1
58800,1
58809,2
58835,2
58841,1
58851,1
58861,1
58864,2
58871,1
58873,1
58876,1
58896,1
58902,1
58908,1
58915,1
58919,1
58925,1
58934,1
58954,1
58963,1
58976,1
58982,1
59008,1
59014,1
59024,1
59043,1
59047,1
59053,1
59075,1
59076,1
59082,1
59092,2
59107,1
59108,1
59133,1
59155,1
59162,1
59168,1
59171,2
59175,1
59184,2
59187,1
59191,4
59200,2
59203,1
59216,1
59229,2
59235,1
59254,1
59261,1
59264,1
59271,1
59309,1
59331,1
59357,1
59360,1
59373,1
59376,1
59399,1
59443,1
59446,1
59452,1
59463,2
59468,1
59478,1
59482,1
59497,1
59511,1
59514,1
59536,1
59561,1
59572,1
59584,1
59600,1
59603,1
59619,1
59639,1
59642,1
59667,1
59670,2
59676,1
59690,1
59699,1
59744,1
59757,1
59779,2
59792,1
59801,1
59802,1
59805,1
59808,1
59814,2
59818,1
59827,1
59849,1
59859,1
59875,1
59885,2
59898,1
59908,1
59930,1
59933,2
59939,1
59940,1
59946,1
59949,1
60013,1
60045,1
60070,1
60074,1
60089,1
60109,1
60115,1
60122,1
60135,1
60147,1
60157,1
60160,1
60176,2
60192,2
60211,1
60215,1
60218,1
60221,2
60227,1
60231,2
60233,1
60246,1
60259,1
60262,1
60266,1
60272,1
60275,1
60281,1
60288,1
60301,1
60323,1
60336,1
60349,1
60352,1
60362,1
60380,1
60381,1
60393,1
60413,1
60429,1
60432,1
60435,1
60454,1
60458,1
60467,1
60474,1
60480,2
60487,1
60525,1
60541,1
60544,1
60567,1
60598,1
60637,1
60656,1
60662,1
60672,1
60681,1
60692,1
60710,1
60720,1
60726,1
60736,1
60752,2
60768,1
60777,1
60781,1
60809,1
60810,2
60819,1
60835,1
60864,1
60880,1
60903,1
60909,1
60919,1
60921,1
60931,1
60950,1
60957,1
60963,1
60979,1
60992,1
61008,1
61011,1
61050,1
61059,1
61091,1
61098,1
61101,1
61110,1
61116,1
61117,2
61152,1
61158,1
61159,2
61171,1
61172,1
61181,1
61190,1
61196,1
61254,2
61277,1
61315,2
61328,1
61331,2
61334,1
61369,1
61385,1
61389,1
61414,2
61476,1
61478,1
61488,2
61491,1
61498,1
61510,1
61516,1
61517,1
61543,1
61549,1
61552,1
61555,1
61558,1
61584,1
61591,1
61594,1
61607,1
61644,1
61648,1
61651,1
61660,1
61693,1
61696,1
61709,1
61734,2
61737,1
61763,1
61773,1
61786,1
61808,2
61817,1
61827,2
61865,2
61882,1
61884,1
61885,1
61888,1
61895,1
61901,1
61904,1
61917,2
61929,1
61936,1
61959,1
61984,1
61987,1
62000,1
62074,1
62077,1
62083,1
62093,1
62109,1
62112,1
62115,1
62163,1
62166,1
62176,1
62182,1
62192,1
62199,1
62246,1
62268,1
62272,3
62275,1
62307,1
62317,2
62320,2
62323,2
62327,1
62329,1
62343,1
62349,1
62352,2
62358,1
62361,1
62378,1
62394,1
62397,1
62419,1
62420,1
62422,1
62442,1
62451,1
62454,1
62477,1
62499,1
62503,1
62509,1
62518,2
62525,1
62535,1
62541,1
62556,1
62592,1
62595,1
62598,1
62611,1
62617,1
62631,1
62637,1
62646,1
62647,1
62650,1
62665,1
62669,1
62675,1
62688,1
62710,2
62713,1
62755,1
62756,1
62774,2
62784,1
62796,1
62812,1
62816,1
62826,1
62829,1
62841,1
62845,1
62851,2
62858,1
62861,2
62900,1
62905,1
62912,1
62921,2
62931,1
62944,1
62954,2
62969,1
62979,1
62983,1
62992,1
62999,1
63005,1
63008,1
63015,1
63017,1
63018,1
63024,1
63027,1
63036,1
63046,3
63069,2
63078,1
63094,1
63107,2
63116,1
63117,1
63181,1
63206,1
63207,1
63225,1
63226,1
63245,2
63248,1
63258,1
63261,1
63271,1
63280,1
63283,1
63296,1
63299,1
63312,1
63318,1
63319,1
63322,1
63324,1
63328,2
63344,1
63363,1
63366,1
63376,1
63382,1
63386,1
63392,1
63395,1
63402,1
63411,1
63415,1
63430,1
63434,1
63437,1
63443,1
63456,1
63466,1
63469,1
63472,1
63475,1
63485,1
63488,1
63491,1
63511,1
63523,1
63526,2
63533,1
63536,2
63539,1
63542,1
63556,1
63568,2
63571,1
63577,1
63596,1
63597,1
63600,1
63603,1
63609,1
63619,1
63629,2
63632,1
63635,1
63644,1
63680,2
63686,1
63690,1
63693,1
63718,1
63725,1
63728,1
63731,2
63744,1
63753,1
63763,1
63769,1
63779,1
63786,1
63789,1
63802,1
63824,1
63830,2
63846,1
63847,1
63863,1
63865,2
63879,1
63885,1
63898,1
63907,1
63908,1
63952,1
63955,1
63959,1
63961,1
63965,1
63968,1
63978,1
63990,1
64000,1
64003,2
64006,1
64009,1
64010,1
64016,1
64019,1
64020,1
64028,1
64029,1
64032,1
64038,1
64048,2
64064,1
64074,2
64077,1
64083,1
64086,1
64102,1
64105,1
64109,1
64125,1
64131,1
64138,1
64151,1
64154,1
64160,1
64172,1
64185,1
64188,1
64192,1
64198,1
64208,1
64215,1
64246,1
64252,2
64253,1
64266,1
64268,1
64272,2
64285,1
64288,1
64294,1
64301,1
64304,1
64313,1
64314,1
64317,1
64323,2
64324,1
64339,1
64342,1
64349,1
64352,1
64358,1
64368,1
64390,1
64403,1
64407,1
64410,1
64413,1
64416,2
64422,1
64438,1
64444,1
64451,1
64483,1
64489,1
64490,1
64506,1
64544,1
64547,1
64560,1
64573,1
64579,1
64595,1
64599,1
64604,1
64608,1
64611,1
64627,1
64643,1
64649,1
64656,1
64663,1
64672,1
64684,1
64694,2
64701,1
64720,1
64790,1
64794,1
64803,1
64816,1
64819,1
64826,1
64854,2
64864,2
64896,1
64908,1
64909,1
64947,1
64954,2
64957,1
64960,1
64963,1
64969,1
64970,2
64973,2
64976,2
64985,1
64992,2
64999,1
65001,1
65011,1
65015,1
65017,1
65021,1
65037,1
65049,1
65050,1
65063,1
65078,2
65082,1
65091,2
65101,1
65111,1
65133,1
65136,1
65174,1
65181,1
65184,2
65190,1
65193,1
65194,1
65209,1
65219,1
65255,1
65258,1
65261,1
65267,1
65302,1
65306,1
65319,1
65328,1
65344,1
65350,1
65363,1
65366,1
65369,1
65385,1
65392,2
65398,1
65399,1
65424,2
65450,1
65453,1
65465,1
65482,1
65500,1
65511,1
65517,1
65520,1
65532,2
65546,1
65558,1
65565,1
65587,1
65593,1
65600,1
65609,1
65610,1
65626,1
65635,1
65639,1
65651,1
65671,2
65696,1
65699,1
65724,1
65731,1
65741,1
65744,1
65750,1
65770,1
65776,1
65783,2
65801,1
65805,1
65808,1
65811,1
65856,1
65917,1
65936,1
65940,1
65952,1
65958,1
65961,1
65994,1
66007,1
66013,2
66019,1
66029,1
66036,1
66038,1
66041,1
66055,1
66067,1
66073,1
66074,1
66083,1
66090,1
66119,1
66137,1
66141,1
66182,1
66192,1
66205,1
66208,1
66263,1
66278,1
66285,1
66291,2
66314,1
66320,1
66336,1
66339,1
66355,1
66374,1
66384,1
66387,1
66391,1
66413,1
66416,1
66419,1
66420,1
66438,1
66458,1
66489,1
66490,1
66493,2
66502,1
66509,1
66557,1
66576,1
66579,1
66595,1
66636,1
66637,1
66679,1
66691,1
66697,1
66704,1
66714,1
66717,1
66729,1
66743,1
66771,1
66803,1
66858,1
66861,1
66877,1
66892,1
66900,1
66909,1
66919,1
66934,1
66947,1
66960,1
66969,1
66979,1
66989,1
66992,1
67002,1
67024,1
67040,1
67065,1
67068,1
67076,1
67082,1
67085,1
67104,2
67129,1
67133,1
67149,1
67158,1
67171,1
67174,1
67184,1
67194,3
67203,2
67213,2
67235,1
67245,1
67264,1
67273,1
67274,1
67277,1
67299,1
67303,1
67305,1
67306,1
67340,1
67360,1
67367,1
67395,1
67433,1
67466,1
67472,1
67513,1
67546,1
67568,1
67584,1
67619,1
67642,1
67683,1
67702,1
67709,1
67718,1
67744,1
67754,1
67760,1
67786,1
67808,2
67814,1
67830,1
67831,1
67843,1
67846,1
67859,1
67862,1
67866,1
67885,1
67920,1
67933,1
67939,1
67948,1
67965,1
67968,1
67971,2
67993,1
67997,1
68000,1
68009,1
68013,1
68032,1
68041,1
68048,1
68070,1
68074,2
68115,1
68128,2
68134,2
68160,1
68166,1
68185,1
68195,1
68212,1
68218,1
68230,1
68237,1
68240,1
68250,1
68279,1
68281,1
68285,1
68291,1
68311,1
68314,1
68327,1
68333,1
68336,1
68346,1
68355,1
68359,1
68365,1
68381,1
68384,3
68393,1
68451,1
68467,1
68476,1
68496,1
68508,1
68537,1
68541,1
68576,2
68579,1
68585,1
68595,1
68598,1
68599,1
68624,1
68634,1
68637,1
68640,2
68656,1
68679,1
68701,1
68704,1
68707,1
68736,1
68755,2
68784,1
68813,1
68822,1
68877,1
68883,1
68887,1
68893,1
68921,1
68931,1
68934,1
68941,1
68944,1
68957,1
68960,1
68963,1
68966,1
68967,1
68976,1
68983,1
68988,1
68992,1
68996,1
69002,1
69005,1
69011,2
69024,1
69037,1
69046,1
69056,1
69065,1
69079,1
69094,1
69100,1
69101,1
69177,1
69181,1
69188,1
69197,1
69203,2
69207,1
69232,2
69267,1
69274,1
69286,1
69325,1
69331,1
69334,1
69351,1
69354,1
69364,1
69376,1
69385,1
69405,1
69408,1
69421,1
69424,1
69437,1
69440,1
69459,1
69475,1
69481,1
69485,2
69536,1
69540,1
69549,1
69552,1
69561,1
69562,1
69568,1
69571,1
69607,1
69613,1
69632,1
69648,1
69667,1
69671,1
69677,1
69722,1
69734,1
69738,1
69756,1
69760,1
69782,1
69814,2
69824,2
69846,1
69862,1
69872,1
69878,1
69910,1
69945,1
69952,1
69955,1
69993,1
70061,1
70080,1
70102,1
70128,1
70151,2
70156,1
70167,1
70208,1
70214,1
70215,1
70220,1
70227,1
70256,1
70304,1
70343,2
70374,1
70375,1
70396,1
70419,1
70429,1
70489,1
70525,2
70528,1
70544,2
70554,1
70560,1
70579,1
70592,2
70595,2
70598,1
70624,1
70637,1
70640,1
70643,1
70650,1
70652,2
70656,1
70675,1
70691,1
70694,1
70697,1
70700,1
70707,1
70710,1
70713,1
70717,1
70777,1
70813,1
70855,1
70861,1
70912,1
70941,1
70947,1
70950,1
70953,1
70966,1
70976,2
70983,1
70992,1
70995,2
70998,1
71021,1
71027,1
71028,1
71063,1
71065,1
71069,1
71091,1
71110,1
71149,1
71161,1
71203,1
71236,1
71261,1
71264,1
71267,1
71290,1
71299,1
71303,1
71312,1
71321,1
71335,1
71338,1
71351,1
71354,1
71363,1
71369,1
71370,1
71376,1
71382,1
71383,1
71398,1
71475,2
71485,1
71548,1
71571,2
71572,1
71587,1
71616,1
71622,1
71638,1
71651,2
71652,1
71654,1
71673,1
71747,1
71754,1
71760,1
71802,1
71820,1
71827,1
71859,1
71866,1
71904,1
71910,1
71923,1
71943,1
71968,1
72003,1
72006,1
72029,1
72061,1
72064,1
72089,1
72092,1
72115,1
72138,1
72150,1
72151,1
72153,1
72188,1
72230,1
72249,1
72275,1
72304,1
72310,1
72317,1
72333,1
72336,1
72339,1
72342,1
72348,1
72365,2
72406,1
72409,1
72432,1
72439,1
72454,1
72458,1
72477,2
72502,1
72506,1
72509,1
72512,1
72554,1
72570,1
72582,1
72605,1
72617,1
72618,1
72647,1
72656,3
72675,1
72678,1
72743,1
72749,1
72759,1
72765,1
72797,1
72822,1
72842,1
72877,1
72921,1
72928,1
72934,1
72944,1
72967,1
72986,1
73018,1
73021,1
73030,1
73065,1
73081,1
73117,1
73142,1
73148,1
73162,1
73232,1
73241,1
73261,1
73296,1
73318,1
73338,1
73382,1
73443,1
73466,1
73488,1
73511,1
73517,1
73549,1
73558,1
73562,1
73587,1
73600,1
73606,1
73613,1
73626,1
73652,1
73661,1
73670,2
73715,1
73732,1
73779,1
73795,1
73869,1
73878,1
73882,1
73904,1
73946,1
73975,1
74012,1
74023,1
74045,1
74048,1
74077,1
74080,1
74083,1
74099,1
74100,1
74102,1
74105,1
74160,1
74163,1
74166,2
74170,1
74180,1
74211,1
74214,1
74215,1
74268,1
74301,1
74339,1
74407,1
74426,1
74467,2
74502,1
74503,1
74509,1
74540,1
74576,1
74614,1
74631,1
74701,1
74714,1
74854,1
74880,1
74922,1
74941,1
74979,1
74986,1
75014,1
75056,1
75117,1
75146,1
75159,1
75177,1
75197,1
75254,1
75268,1
75303,1
75328,1
75334,1
75344,1
75348,1
75367,1
75404,1
75491,1
75542,1
75574,1
75577,1
75597,1
75686,1
75693,1
75798,1
75817,1
75972,1
76029,1
76121,1
76237,1
76249,1
76291,1
76294,1
76400,1
76403,1
76420,1
76464,1
76538,1
76554,1
76598,1
76644,1
76672,1
76717,1
76742,1
76781,1
76809,1
76832,1
77098,1
77104,1
77130,1
77171,1
77232,1
77245,1
77312,1
77376,1
77398,1
77424,1
77427,1
77584,1
77645,1
77824,1
77869,2
77872,1
77897,1
77926,1
78000,1
78016,1
78038,1
78089,1
78090,2
78109,1
78211,1
78212,1
78269,1
78288,1
78291,1
78339,1
78346,1
78406,1
78410,1
78419,1
78477,1
78537,1
78586,1
78598,1
78672,1
78694,1
78742,1
78755,1
78761,1
78809,1
78819,1
78852,1
78864,1
78896,1
78909,1
78954,1
78960,1
78998,1
79005,1
79056,1
79059,1
79062,1
79068,1
79069,1
79098,1
79136,2
79207,1
79245,1
79255,1
79321,1
79385,1
79388,1
79421,1
79447,2
79453,1
79456,1
79460,1
79513,1
79539,1
79562,1
79568,1
79596,1
79626,1
79664,1
79667,1
79687,1
79705,1
79709,1
79724,1
79728,1
79798,1
79808,1
79827,1
79834,1
79843,1
79901,1
79911,1
79920,1
79932,1
79942,1
79959,1
79974,1
79981,2
80006,1
80007,1
80019,1
80032,1
80070,1
80074,1
80093,1
80099,1
80103,1
80105,1
80115,1
80163,1
80192,1
80218,1
80224,1
80244,1
80250,1
80260,1
80263,1
80288,1
80294,1
80301,1
80339,1
80340,1
80342,1
80416,1
80435,1
80486,1
80524,1
80528,1
80544,1
80560,1
80572,1
80573,1
80579,1
80608,1
80611,1
80621,1
80624,1
80634,1
80666,1
80682,1
80692,1
80704,1
80711,1
80714,1
80717,1
80781,1
80800,1
80813,1
80823,1
80839,1
80864,1
80871,1
80880,1
80912,1
80915,1
81043,1
81050,1
81062,1
81085,1
81126,3
81136,1
81161,1
81162,1
81232,2
81235,1
81245,3
81312,1
81344,1
81398,1
81440,1
81450,1
81501,1
81513,1
81523,1
81543,1
81584,1
81588,1
81597,1
81664,1
81677,1
81680,1
81716,1
81783,1
81786,1
81802,1
81818,1
81827,1
81843,2
81866,1
81872,1
81878,1
81933,1
81974,1
82099,1
82128,1
82164,2
82166,1
82170,1
82186,1
82218,1
82250,1
82259,1
82294,1
82301,1
82333,1
82390,1
82403,1
82413,1
82483,1
82553,1
82560,1
82582,1
82621,1
82637,1
82649,1
82695,1
82716,1
82727,1
82765,1
82787,1
82806,1
82809,1
82816,1
82819,1
82829,1
82880,1
82954,1
83046,1
83053,1
83132,1
83171,1
83184,1
83306,1
83331,1
83337,1
83354,1
83357,1
83415,1
83434,1
83440,1
83459,1
83462,1
83484,1
83510,1
83545,1
83558,1
83571,1
83575,1
83587,1
83609,1
83687,1
83792,2
83837,1
83843,1
83856,2
83875,1
83888,1
83904,1
83910,1
83917,1
83952,1
83961,1
83990,1
83994,1
84084,1
84086,1
84109,1
84125,1
84144,1
84176,1
84182,1
84183,1
84195,1
84240,1
84259,1
84260,1
84278,1
84464,1
84487,1
84528,1
84576,1
84579,1
84624,1
84640,1
84644,1
84675,1
84720,1
84787,1
84803,1
84896,1
84947,1
84982,1
84986,1
85027,1
85053,1
85107,1
85123,1
85164,1
85187,1
85188,1
85222,1
85331,1
85370,1
85395,1
85411,1
85450,1
85462,1
85481,1
85542,1
85572,1
85622,1
85626,1
85629,1
85642,1
85693,1
85808,2
85820,1
85859,1
85930,1
85955,1
86064,1
86067,1
86169,1
86189,1
86214,1
86217,1
86320,1
86493,1
86509,2
86516,1
86598,1
86608,1
86724,1
86736,1
86739,1
86886,1
86970,1
87110,1
87511,1
87613,1
87772,1
87792,1
87866,1
87881,1
87927,1
87933,1
87990,1
88016,1
88115,1
88212,1
88250,1
88278,1
88285,1
88352,1
88432,1
88480,1
88509,1
88576,1
88717,1
88804,1
88844,1
88905,1
88916,1
89002,1
89018,1
89059,1
89075,1
89149,1
89158,1
89161,1
89164,1
89210,1
89267,1
89350,1
89354,1
89370,1
89421,1
89542,1
89597,1
89725,1
89785,1
89872,1
89991,1
90003,1
90023,1
90087,1
90342,1
90365,1
90403,1
90404,1
90416,1
90656,1
90871,1
90876,1
90953,1
91024,1
91043,1
91072,1
91277,1
91324,1
91344,1
91427,1
91476,1
91571,1
91632,1
92195,1
92365,1
92582,1
92685,1
93196,1
93197,1
93216,1
93591,1
93741,1
93827,1
93837,1
93939,1
93994,1
94048,1
94185,1
94320,1
94365,1
94372,1
94387,1
94409,1
94419,2
94423,1
94432,1
94451,1
94467,1
94471,1
94547,1
94598,1
94608,1
94614,1
94617,1
94656,1
94669,1
94675,1
94711,1
94720,1
94726,1
94749,1
94810,1
94816,1
94835,1
94848,1
94870,1
94880,1
94908,1
94912,1
94938,1
94947,1
94970,1
94973,1
94998,1
95015,1
95017,1
95037,1
95078,1
95082,1
95084,1
95088,1
95114,1
95117,1
95136,1
95149,1
95171,1
95178,1
95194,1
95200,1
95203,1
95210,1
95213,1
95226,1
95228,1
95245,1
95248,1
95251,1
95280,1
95299,1
95302,1
95332,1
95341,1
95350,1
95376,1
95411,1
95424,1
95495,1
95501,1
95510,1
95520,1
95546,1
95565,1
95584,1
95587,1
95594,1
95609,1
95645,1
95648,1
95655,1
95664,1
95674,1
95687,1
95689,1
95715,1
95731,1
95744,2
95760,1
95785,1
95786,1
95802,1
95815,1
95817,1
95843,1
95856,1
95868,1
95885,1
95888,1
95911,1
95964,1
95990,1
96028,1
96039,1
96048,1
96051,1
96052,1
96054,1
96067,1
96122,1
96147,1
96228,1
96249,1
96279,1
96281,1
96323,1
96327,1
96407,1
96477,1
96496,1
96506,1
96519,1
96534,1
96567,1
96630,1
96669,1
96675,1
96710,1
96800,1
96944,1
96979,1
97066,1
97373,1
97418,1
97565,1
98058,1
98909,1
99885,1
100301,1
100608,1
100643,1
100807,1
100989,1
101248,1
102377,1
102554,1
103114,1
103412,1
103725,1
103933,1
104483,1
104506,1
104909,1
106067,1
107364,1
111172,1
111725,1
113584,1
113814,1
119456,1
127488,1
139277,1
147414,1
150675,1
152179,1
154480,1
154685,1
163124,1
164845,1
170825,1
182893,1
207456,1
208080,1
245703,1
253613,1
259926,1
271744,1
277677,1
284314,1
287395,1
308179,1
313078,1
314124,1
319529,1
329859,1
330790,1
334198,1
390743,1
432934,1
473516,1
518400,1
599667,1
922679,1
935076,1
1342672,1
1379959,1
1779961,1
2548228,1
2617626,1
3394759,1
3471495,1
4477328,1
6099734,1
6103427,1
7944855,1
8010576,1
10500691,1
14764304,1
14798493,1
